; Sample Rate 44100
; Channels 1
               0  -0.0077819824219 
   2.2675737e-05   0.029602050781 
   4.5351474e-05   0.062194824219 
   6.8027211e-05      0.091796875 
   9.0702948e-05    0.11721801758 
   0.00011337868    0.14038085938 
   0.00013605442    0.16354370117 
   0.00015873016    0.18612670898 
    0.0001814059    0.20413208008 
   0.00020408163    0.21148681641 
   0.00022675737     0.2119140625 
   0.00024943311    0.21145629883 
   0.00027210884      0.205078125 
   0.00029478458    0.18377685547 
   0.00031746032    0.14840698242 
   0.00034013605   0.095367431641 
   0.00036281179   0.026519775391 
   0.00038548753  -0.049102783203 
   0.00040816327    -0.1262512207 
     0.000430839   -0.18789672852 
   0.00045351474   -0.22134399414 
   0.00047619048   -0.22137451172 
   0.00049886621   -0.18237304688 
   0.00052154195   -0.11367797852 
   0.00054421769  -0.034606933594 
   0.00056689342   0.035705566406 
   0.00058956916   0.072845458984 
    0.0006122449   0.074981689453 
   0.00063492063   0.047424316406 
   0.00065759637    0.00732421875 
   0.00068027211  -0.021881103516 
   0.00070294785  -0.038269042969 
   0.00072562358  -0.041107177734 
   0.00074829932  -0.032409667969 
   0.00077097506  -0.022308349609 
   0.00079365079  -0.015441894531 
   0.00081632653  -0.0060119628906 
   0.00083900227   0.010650634766 
     0.000861678   0.038299560547 
   0.00088435374    0.07470703125 
   0.00090702948    0.10787963867 
   0.00092970522    0.13650512695 
   0.00095238095    0.16458129883 
   0.00097505669    0.19940185547 
   0.00099773243    0.23812866211 
    0.0010204082    0.27642822266 
    0.0010430839    0.31332397461 
    0.0010657596    0.34497070312 
    0.0010884354    0.36651611328 
    0.0011111111    0.37670898438 
    0.0011337868    0.36950683594 
    0.0011564626    0.34146118164 
    0.0011791383    0.29287719727 
    0.0012018141    0.22784423828 
    0.0012244898    0.15939331055 
    0.0012471655   0.096954345703 
    0.0012698413       0.05078125 
     0.001292517   0.021697998047 
    0.0013151927      0.005859375 
    0.0013378685  0.00018310546875 
    0.0013605442  0.0076904296875 
      0.00138322   0.035125732422 
    0.0014058957   0.078887939453 
    0.0014285714    0.12377929688 
    0.0014512472    0.15170288086 
    0.0014739229    0.15203857422 
    0.0014965986    0.12655639648 
    0.0015192744   0.092071533203 
    0.0015419501   0.069427490234 
    0.0015646259   0.070587158203 
    0.0015873016   0.096862792969 
    0.0016099773    0.13659667969 
    0.0016326531    0.16339111328 
    0.0016553288    0.16870117188 
    0.0016780045    0.15795898438 
    0.0017006803    0.13946533203 
     0.001723356    0.12780761719 
    0.0017460317    0.12945556641 
    0.0017687075    0.13623046875 
    0.0017913832    0.13461303711 
     0.001814059    0.12438964844 
    0.0018367347     0.1100769043 
    0.0018594104   0.097473144531 
    0.0018820862   0.094055175781 
    0.0019047619    0.10330200195 
    0.0019274376    0.12097167969 
    0.0019501134    0.13562011719 
    0.0019727891    0.14123535156 
    0.0019954649    0.14010620117 
    0.0020181406    0.13177490234 
    0.0020408163    0.12078857422 
    0.0020634921    0.11080932617 
    0.0020861678    0.10028076172 
    0.0021088435   0.091644287109 
    0.0021315193   0.084899902344 
     0.002154195   0.077880859375 
    0.0021768707   0.071594238281 
    0.0021995465   0.071685791016 
    0.0022222222   0.079193115234 
     0.002244898   0.094696044922 
    0.0022675737    0.11660766602 
    0.0022902494    0.13989257812 
    0.0023129252    0.16268920898 
    0.0023356009    0.18035888672 
    0.0023582766    0.19155883789 
    0.0023809524    0.20050048828 
    0.0024036281     0.2165222168 
    0.0024263039    0.24005126953 
    0.0024489796    0.27261352539 
    0.0024716553    0.31280517578 
    0.0024943311    0.34970092773 
    0.0025170068    0.37921142578 
    0.0025396825    0.39639282227 
    0.0025623583    0.40225219727 
     0.002585034    0.40106201172 
    0.0026077098    0.39712524414 
    0.0026303855    0.39785766602 
    0.0026530612    0.40377807617 
     0.002675737    0.40762329102 
    0.0026984127      0.404296875 
    0.0027210884    0.39294433594 
    0.0027437642     0.3733215332 
    0.0027664399    0.34622192383 
    0.0027891156    0.31582641602 
    0.0028117914    0.28204345703 
    0.0028344671    0.24395751953 
    0.0028571429    0.20043945312 
    0.0028798186    0.15765380859 
    0.0029024943    0.11456298828 
    0.0029251701   0.069976806641 
    0.0029478458   0.024749755859 
    0.0029705215  -0.022979736328 
    0.0029931973  -0.074035644531 
     0.003015873   -0.12881469727 
    0.0030385488   -0.18222045898 
    0.0030612245   -0.22305297852 
    0.0030839002    -0.2473449707 
     0.003106576   -0.25848388672 
    0.0031292517     -0.255859375 
    0.0031519274   -0.23510742188 
    0.0031746032     -0.205078125 
    0.0031972789    -0.1721496582 
    0.0032199546   -0.13827514648 
    0.0032426304   -0.10269165039 
    0.0032653061  -0.066955566406 
    0.0032879819  -0.032958984375 
    0.0033106576  0.0097045898438 
    0.0033333333   0.062591552734 
    0.0033560091     0.1201171875 
    0.0033786848    0.17318725586 
    0.0034013605     0.2063293457 
    0.0034240363    0.20901489258 
     0.003446712    0.19241333008 
    0.0034693878    0.17495727539 
    0.0034920635    0.16122436523 
    0.0035147392    0.14712524414 
     0.003537415    0.13909912109 
    0.0035600907    0.13180541992 
    0.0035827664    0.11422729492 
    0.0036054422   0.079895019531 
    0.0036281179   0.044281005859 
    0.0036507937   0.021148681641 
    0.0036734694  0.0041198730469 
    0.0036961451  -0.015808105469 
    0.0037188209  -0.042602539062 
    0.0037414966  -0.062133789062 
    0.0037641723  -0.076202392578 
    0.0037868481  -0.091003417969 
    0.0038095238   -0.10571289062 
    0.0038321995   -0.12142944336 
    0.0038548753   -0.15313720703 
     0.003877551   -0.19012451172 
    0.0039002268   -0.22918701172 
    0.0039229025   -0.27087402344 
    0.0039455782   -0.31146240234 
     0.003968254   -0.33786010742 
    0.0039909297   -0.34170532227 
    0.0040136054   -0.33169555664 
    0.0040362812    -0.3117980957 
    0.0040589569    -0.2770690918 
    0.0040816327    -0.2292175293 
    0.0041043084   -0.18862915039 
    0.0041269841   -0.16802978516 
    0.0041496599   -0.14965820312 
    0.0041723356    -0.1203918457 
    0.0041950113  -0.094268798828 
    0.0042176871  -0.071319580078 
    0.0042403628  -0.039489746094 
    0.0042630385  -0.006103515625 
    0.0042857143  0.0067749023438 
      0.00430839  -0.0074462890625 
    0.0043310658  -0.023406982422 
    0.0043537415  -0.027099609375 
    0.0043764172  -0.021026611328 
     0.004399093  -0.013885498047 
    0.0044217687  -0.025482177734 
    0.0044444444  -0.051696777344 
    0.0044671202  -0.088104248047 
    0.0044897959   -0.12286376953 
    0.0045124717   -0.13989257812 
    0.0045351474   -0.14517211914 
    0.0045578231   -0.14834594727 
    0.0045804989    -0.1623840332 
    0.0046031746   -0.18884277344 
    0.0046258503   -0.20910644531 
    0.0046485261   -0.21694946289 
    0.0046712018   -0.21472167969 
    0.0046938776   -0.19998168945 
    0.0047165533    -0.1794128418 
     0.004739229   -0.16400146484 
    0.0047619048    -0.1594543457 
    0.0047845805   -0.16033935547 
    0.0048072562   -0.15228271484 
     0.004829932   -0.13284301758 
    0.0048526077   -0.10693359375 
    0.0048752834  -0.081909179688 
    0.0048979592  -0.056030273438 
    0.0049206349  -0.030487060547 
    0.0049433107  -0.012481689453 
    0.0049659864  -0.0028686523438 
    0.0049886621  -0.001220703125 
    0.0050113379  -0.0059509277344 
    0.0050340136  -0.011901855469 
    0.0050566893  -0.016998291016 
    0.0050793651  -0.018829345703 
    0.0051020408  -0.019500732422 
    0.0051247166  -0.019897460938 
    0.0051473923  -0.024047851562 
     0.005170068  -0.038940429688 
    0.0051927438  -0.062103271484 
    0.0052154195  -0.082916259766 
    0.0052380952  -0.099151611328 
     0.005260771   -0.11581420898 
    0.0052834467    -0.1337890625 
    0.0053061224   -0.15524291992 
    0.0053287982   -0.17581176758 
    0.0053514739    -0.1950378418 
    0.0053741497   -0.21694946289 
    0.0053968254   -0.24005126953 
    0.0054195011   -0.26309204102 
    0.0054421769   -0.28839111328 
    0.0054648526   -0.31689453125 
    0.0054875283   -0.34338378906 
    0.0055102041   -0.36001586914 
    0.0055328798   -0.36773681641 
    0.0055555556   -0.36944580078 
    0.0055782313   -0.36572265625 
     0.005600907   -0.36013793945 
    0.0056235828   -0.35330200195 
    0.0056462585   -0.34811401367 
    0.0056689342   -0.34573364258 
      0.00569161   -0.34149169922 
    0.0057142857   -0.32653808594 
    0.0057369615   -0.30560302734 
    0.0057596372   -0.28079223633 
    0.0057823129   -0.26116943359 
    0.0058049887   -0.24847412109 
    0.0058276644      -0.23828125 
    0.0058503401   -0.22891235352 
    0.0058730159   -0.22177124023 
    0.0058956916   -0.21319580078 
    0.0059183673   -0.19415283203 
    0.0059410431   -0.16836547852 
    0.0059637188   -0.14144897461 
    0.0059863946   -0.10693359375 
    0.0060090703  -0.066680908203 
