; Sample Rate 44100
; Channels 1
               0   -0.00146484375 
   2.2675737e-05   0.038879394531 
   4.5351474e-05   0.077087402344 
   6.8027211e-05    0.11270141602 
   9.0702948e-05    0.14038085938 
   0.00011337868    0.15646362305 
   0.00013605442    0.16381835938 
   0.00015873016    0.17443847656 
    0.0001814059    0.18823242188 
   0.00020408163    0.20065307617 
   0.00022675737    0.21197509766 
   0.00024943311       0.21484375 
   0.00027210884    0.20114135742 
   0.00029478458    0.16540527344 
   0.00031746032    0.10800170898 
   0.00034013605   0.031524658203 
   0.00036281179  -0.048919677734 
   0.00038548753   -0.11755371094 
   0.00040816327   -0.16323852539 
     0.000430839   -0.18072509766 
   0.00045351474   -0.17044067383 
   0.00047619048   -0.14208984375 
   0.00049886621   -0.10314941406 
   0.00052154195  -0.062683105469 
   0.00054421769  -0.032196044922 
   0.00056689342  -0.017486572266 
   0.00058956916  -0.019348144531 
    0.0006122449  -0.034240722656 
   0.00063492063  -0.054931640625 
   0.00065759637  -0.066680908203 
   0.00068027211  -0.061157226562 
   0.00070294785  -0.042053222656 
   0.00072562358  -0.010101318359 
   0.00074829932   0.026275634766 
   0.00077097506   0.058197021484 
   0.00079365079   0.080963134766 
   0.00081632653   0.097625732422 
   0.00083900227    0.10711669922 
     0.000861678    0.11212158203 
   0.00088435374     0.1223449707 
   0.00090702948    0.13586425781 
   0.00092970522    0.15414428711 
   0.00095238095    0.18023681641 
   0.00097505669    0.21347045898 
   0.00099773243    0.24737548828 
    0.0010204082    0.27716064453 
    0.0010430839    0.30319213867 
    0.0010657596    0.32318115234 
    0.0010884354    0.33157348633 
    0.0011111111    0.32315063477 
    0.0011337868    0.29766845703 
    0.0011564626       0.25390625 
    0.0011791383     0.1921081543 
    0.0012018141    0.12585449219 
    0.0012244898   0.069458007812 
    0.0012471655   0.028442382812 
    0.0012698413   0.008544921875 
     0.001292517   0.010711669922 
    0.0013151927   0.025146484375 
    0.0013378685   0.039978027344 
    0.0013605442   0.055969238281 
      0.00138322   0.074188232422 
    0.0014058957   0.087432861328 
    0.0014285714   0.092529296875 
    0.0014512472   0.090911865234 
    0.0014739229   0.081390380859 
    0.0014965986   0.068206787109 
    0.0015192744   0.063232421875 
    0.0015419501   0.072479248047 
    0.0015646259   0.095153808594 
    0.0015873016    0.12573242188 
    0.0016099773    0.15121459961 
    0.0016326531    0.15957641602 
    0.0016553288    0.15307617188 
    0.0016780045    0.14208984375 
    0.0017006803    0.13082885742 
     0.001723356    0.12280273438 
    0.0017460317    0.12158203125 
    0.0017687075    0.12155151367 
    0.0017913832        0.1171875 
     0.001814059    0.11166381836 
    0.0018367347    0.11123657227 
    0.0018594104    0.11804199219 
    0.0018820862    0.12759399414 
    0.0019047619    0.13174438477 
    0.0019274376    0.12615966797 
    0.0019501134    0.11077880859 
    0.0019727891   0.091918945312 
    0.0019954649   0.076629638672 
    0.0020181406   0.068725585938 
    0.0020408163   0.065124511719 
    0.0020634921   0.061767578125 
    0.0020861678   0.058837890625 
    0.0021088435   0.058685302734 
    0.0021315193   0.061614990234 
     0.002154195   0.069458007812 
    0.0021768707   0.082427978516 
    0.0021995465   0.097808837891 
    0.0022222222    0.11312866211 
     0.002244898    0.12823486328 
    0.0022675737    0.14102172852 
    0.0022902494    0.15451049805 
    0.0023129252    0.17349243164 
    0.0023356009    0.19705200195 
    0.0023582766    0.22183227539 
    0.0023809524    0.24771118164 
    0.0024036281    0.27261352539 
    0.0024263039    0.29357910156 
    0.0024489796    0.31002807617 
    0.0024716553    0.32263183594 
    0.0024943311    0.33288574219 
    0.0025170068    0.34167480469 
    0.0025396825    0.34725952148 
    0.0025623583    0.35366821289 
     0.002585034    0.36120605469 
    0.0026077098    0.37054443359 
    0.0026303855    0.37945556641 
    0.0026530612      0.384765625 
     0.002675737    0.38540649414 
    0.0026984127    0.37921142578 
    0.0027210884    0.36807250977 
    0.0027437642    0.35021972656 
    0.0027664399    0.32275390625 
    0.0027891156    0.28570556641 
    0.0028117914    0.24298095703 
    0.0028344671    0.20220947266 
    0.0028571429    0.15966796875 
    0.0028798186    0.11877441406 
    0.0029024943   0.085540771484 
    0.0029251701   0.052276611328 
    0.0029478458   0.010101318359 
    0.0029705215  -0.036834716797 
    0.0029931973     -0.087890625 
     0.003015873   -0.13336181641 
    0.0030385488   -0.17337036133 
    0.0030612245   -0.20349121094 
    0.0030839002   -0.21310424805 
     0.003106576   -0.21331787109 
    0.0031292517   -0.20086669922 
    0.0031519274   -0.18106079102 
    0.0031746032   -0.16149902344 
    0.0031972789   -0.13269042969 
    0.0032199546  -0.094787597656 
    0.0032426304  -0.055847167969 
    0.0032653061  -0.015380859375 
    0.0032879819   0.022766113281 
    0.0033106576   0.051116943359 
    0.0033333333   0.076202392578 
    0.0033560091   0.097442626953 
    0.0033786848    0.10260009766 
    0.0034013605    0.10653686523 
    0.0034240363    0.11410522461 
     0.003446712    0.12341308594 
    0.0034693878    0.13821411133 
    0.0034920635    0.15585327148 
    0.0035147392    0.16821289062 
     0.003537415    0.15780639648 
    0.0035600907    0.12777709961 
    0.0035827664   0.092712402344 
    0.0036054422   0.065795898438 
    0.0036281179   0.044952392578 
    0.0036507937   0.029754638672 
    0.0036734694   0.016204833984 
    0.0036961451  -0.0054016113281 
    0.0037188209  -0.028533935547 
    0.0037414966  -0.039581298828 
    0.0037641723  -0.045562744141 
    0.0037868481  -0.047424316406 
    0.0038095238  -0.058471679688 
    0.0038321995  -0.093811035156 
    0.0038548753   -0.14703369141 
     0.003877551   -0.20266723633 
    0.0039002268   -0.25259399414 
    0.0039229025   -0.29815673828 
    0.0039455782   -0.31927490234 
     0.003968254   -0.31024169922 
    0.0039909297   -0.29284667969 
    0.0040136054   -0.27648925781 
    0.0040362812   -0.25930786133 
    0.0040589569   -0.24209594727 
    0.0040816327    -0.2165222168 
    0.0041043084   -0.18194580078 
    0.0041269841   -0.15966796875 
    0.0041496599   -0.14193725586 
    0.0041723356   -0.12051391602 
    0.0041950113   -0.10000610352 
    0.0042176871  -0.081237792969 
    0.0042403628  -0.060607910156 
    0.0042630385  -0.042083740234 
    0.0042857143  -0.033233642578 
      0.00430839  -0.030700683594 
    0.0043310658  -0.026397705078 
    0.0043537415  -0.022216796875 
    0.0043764172  -0.021270751953 
     0.004399093  -0.025665283203 
    0.0044217687  -0.042205810547 
    0.0044444444  -0.059173583984 
    0.0044671202  -0.072174072266 
    0.0044897959  -0.083770751953 
    0.0045124717  -0.092590332031 
    0.0045351474  -0.095550537109 
    0.0045578231   -0.10327148438 
    0.0045804989   -0.12457275391 
    0.0046031746   -0.14904785156 
    0.0046258503   -0.16729736328 
    0.0046485261   -0.17672729492 
    0.0046712018   -0.17456054688 
    0.0046938776   -0.17236328125 
    0.0047165533   -0.17095947266 
     0.004739229   -0.16564941406 
    0.0047619048   -0.15786743164 
    0.0047845805   -0.14672851562 
    0.0048072562    -0.1279296875 
     0.004829932   -0.10504150391 
    0.0048526077  -0.082366943359 
    0.0048752834  -0.062805175781 
    0.0048979592  -0.048065185547 
    0.0049206349  -0.037963867188 
    0.0049433107  -0.030731201172 
    0.0049659864  -0.024261474609 
    0.0049886621  -0.021820068359 
    0.0050113379  -0.019897460938 
    0.0050340136  -0.020355224609 
    0.0050566893  -0.026000976562 
    0.0050793651  -0.029510498047 
    0.0051020408  -0.032196044922 
    0.0051247166  -0.034881591797 
    0.0051473923  -0.046020507812 
     0.005170068  -0.063354492188 
    0.0051927438  -0.083709716797 
    0.0052154195   -0.10571289062 
    0.0052380952   -0.12420654297 
     0.005260771   -0.14041137695 
    0.0052834467   -0.15664672852 
    0.0053061224   -0.17114257812 
    0.0053287982   -0.18713378906 
    0.0053514739    -0.2060546875 
    0.0053741497   -0.22805786133 
    0.0053968254   -0.24859619141 
    0.0054195011   -0.26470947266 
    0.0054421769   -0.28149414062 
    0.0054648526   -0.29943847656 
    0.0054875283   -0.31552124023 
    0.0055102041   -0.32611083984 
    0.0055328798   -0.33306884766 
    0.0055555556   -0.33581542969 
    0.0055782313   -0.33416748047 
     0.005600907   -0.33599853516 
    0.0056235828    -0.3376159668 
    0.0056462585   -0.33755493164 
    0.0056689342   -0.33441162109 
      0.00569161   -0.32467651367 
    0.0057142857   -0.30810546875 
    0.0057369615   -0.28961181641 
    0.0057596372    -0.2746887207 
    0.0057823129   -0.26138305664 
    0.0058049887   -0.24639892578 
    0.0058276644   -0.23181152344 
    0.0058503401   -0.21453857422 
    0.0058730159   -0.19396972656 
    0.0058956916   -0.16763305664 
    0.0059183673   -0.13409423828 
    0.0059410431   -0.10531616211 
    0.0059637188  -0.076934814453 
    0.0059863946  -0.039642333984 
