; Sample Rate 44100
; Channels 1
               0  0.0032348632812 
   2.2675737e-05   0.043365478516 
   4.5351474e-05   0.077667236328 
   6.8027211e-05    0.10647583008 
   9.0702948e-05    0.12518310547 
   0.00011337868    0.13714599609 
   0.00013605442    0.15075683594 
   0.00015873016    0.17166137695 
    0.0001814059    0.19860839844 
   0.00020408163    0.22232055664 
   0.00022675737    0.23257446289 
   0.00024943311    0.22979736328 
   0.00027210884    0.21469116211 
   0.00029478458    0.17825317383 
   0.00031746032    0.12265014648 
   0.00034013605   0.057861328125 
   0.00036281179  -0.0062255859375 
   0.00038548753  -0.063110351562 
   0.00040816327   -0.10552978516 
     0.000430839   -0.13079833984 
   0.00045351474   -0.14120483398 
   0.00047619048   -0.13668823242 
   0.00049886621   -0.11831665039 
   0.00052154195  -0.094329833984 
   0.00054421769  -0.074676513672 
   0.00056689342  -0.062377929688 
   0.00058956916  -0.062835693359 
    0.0006122449  -0.074890136719 
   0.00063492063  -0.088592529297 
   0.00065759637  -0.095520019531 
   0.00068027211  -0.085754394531 
   0.00070294785  -0.056610107422 
   0.00072562358  -0.016326904297 
   0.00074829932   0.021514892578 
   0.00077097506   0.049591064453 
   0.00079365079   0.066833496094 
   0.00081632653     0.0791015625 
   0.00083900227   0.092834472656 
     0.000861678    0.11019897461 
   0.00088435374     0.1318359375 
   0.00090702948    0.15341186523 
   0.00092970522    0.17150878906 
   0.00095238095    0.19027709961 
   0.00097505669    0.21420288086 
   0.00099773243    0.24078369141 
    0.0010204082    0.26922607422 
    0.0010430839    0.29385375977 
    0.0010657596    0.30770874023 
    0.0010884354    0.30850219727 
    0.0011111111    0.29873657227 
    0.0011337868    0.27935791016 
    0.0011564626    0.24642944336 
    0.0011791383    0.19918823242 
    0.0012018141    0.14645385742 
    0.0012244898    0.10018920898 
    0.0012471655   0.070465087891 
    0.0012698413   0.059143066406 
     0.001292517      0.060546875 
    0.0013151927   0.064483642578 
    0.0013378685   0.062133789062 
    0.0013605442   0.052825927734 
      0.00138322   0.046478271484 
    0.0014058957   0.051788330078 
    0.0014285714   0.064514160156 
    0.0014512472   0.074981689453 
    0.0014739229   0.075378417969 
    0.0014965986   0.062194824219 
    0.0015192744   0.046783447266 
    0.0015419501    0.04638671875 
    0.0015646259   0.067077636719 
    0.0015873016     0.1012878418 
    0.0016099773    0.13290405273 
    0.0016326531    0.14468383789 
    0.0016553288    0.13464355469 
    0.0016780045    0.11676025391 
    0.0017006803     0.1064453125 
     0.001723356    0.11239624023 
    0.0017460317    0.12817382812 
    0.0017687075    0.14172363281 
    0.0017913832    0.14483642578 
     0.001814059         0.140625 
    0.0018367347    0.13531494141 
    0.0018594104    0.13186645508 
    0.0018820862    0.13293457031 
    0.0019047619    0.13479614258 
    0.0019274376    0.12939453125 
    0.0019501134    0.11370849609 
    0.0019727891   0.094085693359 
    0.0019954649   0.078094482422 
    0.0020181406   0.066558837891 
    0.0020408163   0.057434082031 
    0.0020634921   0.049682617188 
    0.0020861678   0.044281005859 
    0.0021088435   0.044769287109 
    0.0021315193   0.053253173828 
     0.002154195   0.065643310547 
    0.0021768707   0.079986572266 
    0.0021995465   0.094512939453 
    0.0022222222    0.10586547852 
     0.002244898    0.11538696289 
    0.0022675737    0.12899780273 
    0.0022902494    0.14846801758 
    0.0023129252    0.16903686523 
    0.0023356009      0.189453125 
    0.0023582766    0.21075439453 
    0.0023809524    0.23071289062 
    0.0024036281    0.25177001953 
    0.0024263039    0.27386474609 
    0.0024489796    0.29571533203 
    0.0024716553    0.31646728516 
    0.0024943311    0.33560180664 
    0.0025170068    0.35110473633 
    0.0025396825    0.36254882812 
    0.0025623583     0.3713684082 
     0.002585034    0.38037109375 
    0.0026077098    0.38977050781 
    0.0026303855    0.39956665039 
    0.0026530612    0.40713500977 
     0.002675737    0.40493774414 
    0.0026984127    0.38879394531 
    0.0027210884    0.36517333984 
    0.0027437642    0.33447265625 
    0.0027664399    0.30526733398 
    0.0027891156    0.28005981445 
    0.0028117914    0.25448608398 
    0.0028344671    0.22308349609 
    0.0028571429    0.18649291992 
    0.0028798186    0.14840698242 
    0.0029024943    0.10668945312 
    0.0029251701    0.06298828125 
    0.0029478458   0.019897460938 
    0.0029705215  -0.025939941406 
    0.0029931973  -0.071472167969 
     0.003015873   -0.11560058594 
    0.0030385488   -0.14538574219 
    0.0030612245   -0.16586303711 
    0.0030839002   -0.18731689453 
     0.003106576   -0.20120239258 
    0.0031292517   -0.20623779297 
    0.0031519274   -0.20147705078 
    0.0031746032   -0.18240356445 
    0.0031972789   -0.15054321289 
    0.0032199546   -0.11190795898 
    0.0032426304  -0.074493408203 
    0.0032653061  -0.046844482422 
    0.0032879819  -0.026672363281 
    0.0033106576   -0.00439453125 
    0.0033333333   0.021392822266 
    0.0033560091   0.050842285156 
    0.0033786848   0.071960449219 
    0.0034013605   0.084747314453 
    0.0034240363   0.092468261719 
     0.003446712   0.097564697266 
    0.0034693878    0.10577392578 
    0.0034920635     0.1242980957 
    0.0035147392    0.14392089844 
     0.003537415    0.14703369141 
    0.0035600907     0.1282043457 
    0.0035827664   0.098083496094 
    0.0036054422   0.071411132812 
    0.0036281179   0.047424316406 
    0.0036507937   0.027099609375 
    0.0036734694   0.021026611328 
    0.0036961451  0.0095825195312 
    0.0037188209  -0.019378662109 
    0.0037414966  -0.042724609375 
    0.0037641723  -0.055419921875 
    0.0037868481  -0.067535400391 
    0.0038095238  -0.090606689453 
    0.0038321995   -0.13275146484 
    0.0038548753   -0.18338012695 
     0.003877551   -0.22619628906 
    0.0039002268    -0.2526550293 
    0.0039229025   -0.26446533203 
    0.0039455782   -0.27160644531 
     0.003968254   -0.27545166016 
    0.0039909297   -0.28717041016 
    0.0040136054   -0.29232788086 
    0.0040362812   -0.27270507812 
    0.0040589569   -0.24215698242 
    0.0040816327   -0.20712280273 
    0.0041043084   -0.17993164062 
    0.0041269841   -0.16979980469 
    0.0041496599   -0.15777587891 
    0.0041723356    -0.1403503418 
    0.0041950113   -0.12030029297 
    0.0042176871  -0.095153808594 
    0.0042403628  -0.072357177734 
    0.0042630385  -0.058837890625 
    0.0042857143  -0.058715820312 
      0.00430839          -0.0625 
    0.0043310658  -0.056335449219 
    0.0043537415  -0.049438476562 
    0.0043764172  -0.042175292969 
     0.004399093  -0.041137695312 
    0.0044217687  -0.051055908203 
    0.0044444444  -0.058685302734 
    0.0044671202  -0.070037841797 
    0.0044897959  -0.077575683594 
    0.0045124717  -0.082885742188 
    0.0045351474  -0.089782714844 
    0.0045578231  -0.095581054688 
    0.0045804989   -0.11120605469 
    0.0046031746   -0.13116455078 
    0.0046258503   -0.15182495117 
    0.0046485261   -0.16482543945 
    0.0046712018   -0.16751098633 
    0.0046938776     -0.169921875 
    0.0047165533   -0.17007446289 
     0.004739229   -0.16784667969 
    0.0047619048   -0.16134643555 
    0.0047845805   -0.14797973633 
    0.0048072562   -0.13232421875 
     0.004829932   -0.11239624023 
    0.0048526077  -0.089569091797 
    0.0048752834  -0.070983886719 
    0.0048979592  -0.057220458984 
    0.0049206349  -0.041534423828 
    0.0049433107  -0.026611328125 
    0.0049659864  -0.017883300781 
    0.0049886621  -0.015167236328 
    0.0050113379  -0.014373779297 
    0.0050340136  -0.015228271484 
    0.0050566893  -0.017517089844 
    0.0050793651      -0.01953125 
    0.0051020408  -0.025543212891 
    0.0051247166  -0.038421630859 
    0.0051473923  -0.057647705078 
     0.005170068  -0.076538085938 
    0.0051927438  -0.091735839844 
    0.0052154195   -0.10070800781 
    0.0052380952   -0.10827636719 
     0.005260771   -0.11999511719 
    0.0052834467   -0.13540649414 
    0.0053061224   -0.15292358398 
    0.0053287982   -0.16989135742 
    0.0053514739   -0.18753051758 
    0.0053741497   -0.20516967773 
    0.0053968254   -0.22152709961 
    0.0054195011   -0.23962402344 
    0.0054421769   -0.25857543945 
    0.0054648526    -0.2785949707 
    0.0054875283   -0.29718017578 
    0.0055102041   -0.31015014648 
    0.0055328798   -0.32174682617 
    0.0055555556   -0.33288574219 
    0.0055782313   -0.33715820312 
     0.005600907       -0.3359375 
    0.0056235828   -0.33181762695 
    0.0056462585   -0.32638549805 
    0.0056689342   -0.31564331055 
      0.00569161   -0.29901123047 
    0.0057142857   -0.28201293945 
    0.0057369615   -0.26431274414 
    0.0057596372   -0.24761962891 
    0.0057823129   -0.23208618164 
    0.0058049887   -0.21591186523 
    0.0058276644   -0.20104980469 
    0.0058503401   -0.18466186523 
    0.0058730159    -0.1643371582 
    0.0058956916   -0.14337158203 
    0.0059183673   -0.11828613281 
    0.0059410431  -0.091766357422 
    0.0059637188  -0.066253662109 
    0.0059863946       -0.0390625 
