; Sample Rate 44100
; Channels 1
               0   0.020355224609 
   2.2675737e-05   0.058868408203 
   4.5351474e-05   0.085876464844 
   6.8027211e-05    0.11199951172 
   9.0702948e-05    0.13729858398 
   0.00011337868    0.15539550781 
   0.00013605442    0.17456054688 
   0.00015873016    0.19329833984 
    0.0001814059    0.21145629883 
   0.00020408163    0.22515869141 
   0.00022675737    0.22637939453 
   0.00024943311    0.21835327148 
   0.00027210884    0.19653320312 
   0.00029478458     0.1569519043 
   0.00031746032     0.1057434082 
   0.00034013605   0.047088623047 
   0.00036281179  -0.013153076172 
   0.00038548753  -0.068634033203 
   0.00040816327   -0.11209106445 
     0.000430839   -0.13604736328 
   0.00045351474   -0.13861083984 
   0.00047619048   -0.12045288086 
   0.00049886621  -0.083587646484 
   0.00052154195  -0.033660888672 
   0.00054421769   0.014984130859 
   0.00056689342   0.049224853516 
   0.00058956916   0.059906005859 
    0.0006122449   0.047210693359 
   0.00063492063   0.016845703125 
   0.00065759637  -0.012023925781 
   0.00068027211  -0.025787353516 
   0.00070294785  -0.029418945312 
   0.00072562358  -0.028564453125 
   0.00074829932  -0.025573730469 
   0.00077097506  -0.023254394531 
   0.00079365079  -0.019409179688 
   0.00081632653  -0.0054321289062 
   0.00083900227       0.01953125 
     0.000861678   0.051483154297 
   0.00088435374   0.088897705078 
   0.00090702948    0.12585449219 
   0.00092970522    0.16033935547 
   0.00095238095    0.19302368164 
   0.00097505669    0.22717285156 
   0.00099773243    0.26654052734 
    0.0010204082    0.31158447266 
    0.0010430839     0.3512878418 
    0.0010657596    0.38125610352 
    0.0010884354    0.39767456055 
    0.0011111111    0.38980102539 
    0.0011337868    0.36047363281 
    0.0011564626    0.31311035156 
    0.0011791383      0.251953125 
    0.0012018141    0.18688964844 
    0.0012244898    0.12704467773 
    0.0012471655   0.079986572266 
    0.0012698413   0.047637939453 
     0.001292517   0.029052734375 
    0.0013151927   0.025024414062 
    0.0013378685   0.034301757812 
    0.0013605442   0.055023193359 
      0.00138322   0.085784912109 
    0.0014058957    0.12271118164 
    0.0014285714    0.15270996094 
    0.0014512472    0.16314697266 
    0.0014739229    0.15081787109 
    0.0014965986    0.12399291992 
    0.0015192744   0.095123291016 
    0.0015419501   0.079132080078 
    0.0015646259   0.085479736328 
    0.0015873016    0.10229492188 
    0.0016099773    0.11685180664 
    0.0016326531    0.12506103516 
    0.0016553288    0.12368774414 
    0.0016780045    0.11676025391 
    0.0017006803      0.115234375 
     0.001723356    0.12231445312 
    0.0017460317    0.13284301758 
    0.0017687075    0.14175415039 
    0.0017913832     0.1438293457 
     0.001814059    0.14013671875 
    0.0018367347    0.13613891602 
    0.0018594104    0.14059448242 
    0.0018820862     0.1545715332 
    0.0019047619    0.17163085938 
    0.0019274376    0.18179321289 
    0.0019501134    0.18423461914 
    0.0019727891    0.18096923828 
    0.0019954649    0.17178344727 
    0.0020181406    0.15841674805 
    0.0020408163    0.14074707031 
    0.0020634921    0.11734008789 
    0.0020861678          0.09375 
    0.0021088435    0.07470703125 
    0.0021315193   0.063171386719 
     0.002154195   0.062622070312 
    0.0021768707   0.071563720703 
    0.0021995465   0.089202880859 
    0.0022222222    0.11434936523 
     0.002244898    0.14248657227 
    0.0022675737    0.17034912109 
    0.0022902494    0.19583129883 
    0.0023129252    0.21673583984 
    0.0023356009    0.23397827148 
    0.0023582766    0.25241088867 
    0.0023809524    0.26898193359 
    0.0024036281    0.28411865234 
    0.0024263039    0.30508422852 
    0.0024489796    0.32800292969 
    0.0024716553    0.35241699219 
    0.0024943311    0.37231445312 
    0.0025170068     0.3889465332 
    0.0025396825    0.40032958984 
    0.0025623583    0.40386962891 
     0.002585034    0.40240478516 
    0.0026077098    0.38989257812 
    0.0026303855    0.37139892578 
    0.0026530612     0.3557434082 
     0.002675737    0.34045410156 
    0.0026984127    0.32708740234 
    0.0027210884    0.31262207031 
    0.0027437642    0.29040527344 
    0.0027664399    0.25741577148 
    0.0027891156    0.21246337891 
    0.0028117914    0.15328979492 
    0.0028344671   0.083312988281 
    0.0028571429  0.0032958984375 
    0.0028798186  -0.068328857422 
    0.0029024943   -0.11676025391 
    0.0029251701   -0.14703369141 
    0.0029478458   -0.16375732422 
    0.0029705215   -0.17428588867 
    0.0029931973   -0.17684936523 
     0.003015873   -0.16625976562 
    0.0030385488   -0.15310668945 
    0.0030612245    -0.1435546875 
    0.0030839002   -0.12976074219 
     0.003106576   -0.11401367188 
    0.0031292517  -0.093322753906 
    0.0031519274  -0.068145751953 
    0.0031746032  -0.047790527344 
    0.0031972789  -0.035034179688 
    0.0032199546  -0.018676757812 
    0.0032426304  -0.0078430175781 
    0.0032653061  0.0025024414062 
    0.0032879819   0.014099121094 
    0.0033106576   0.030181884766 
    0.0033333333   0.050018310547 
    0.0033560091   0.062744140625 
    0.0033786848   0.073944091797 
    0.0034013605   0.085540771484 
    0.0034240363   0.094573974609 
     0.003446712   0.098785400391 
    0.0034693878   0.094451904297 
    0.0034920635   0.092681884766 
    0.0035147392   0.096313476562 
     0.003537415   0.099395751953 
    0.0035600907   0.093505859375 
    0.0035827664   0.072631835938 
    0.0036054422   0.045288085938 
    0.0036281179   0.022583007812 
    0.0036507937  -0.0039367675781 
    0.0036734694  -0.048858642578 
    0.0036961451   -0.10949707031 
    0.0037188209   -0.16366577148 
    0.0037414966   -0.20092773438 
    0.0037641723   -0.21783447266 
    0.0037868481   -0.22061157227 
    0.0038095238   -0.22573852539 
    0.0038321995        -0.234375 
    0.0038548753   -0.25296020508 
     0.003877551   -0.27557373047 
    0.0039002268   -0.28280639648 
    0.0039229025   -0.27432250977 
    0.0039455782   -0.26013183594 
     0.003968254    -0.2483215332 
    0.0039909297   -0.23495483398 
    0.0040136054   -0.22311401367 
    0.0040362812   -0.20385742188 
    0.0040589569   -0.16799926758 
    0.0040816327   -0.12097167969 
    0.0041043084  -0.080718994141 
    0.0041269841  -0.061187744141 
    0.0041496599  -0.055633544922 
    0.0041723356  -0.061889648438 
    0.0041950113  -0.072204589844 
    0.0042176871  -0.076843261719 
    0.0042403628  -0.080780029297 
    0.0042630385    -0.0869140625 
    0.0042857143  -0.099426269531 
      0.00430839   -0.11572265625 
    0.0043310658   -0.12939453125 
    0.0043537415   -0.13973999023 
    0.0043764172   -0.13412475586 
     0.004399093   -0.11825561523 
    0.0044217687   -0.10681152344 
    0.0044444444   -0.10989379883 
    0.0044671202   -0.12347412109 
    0.0044897959   -0.13397216797 
    0.0045124717   -0.14370727539 
    0.0045351474   -0.15243530273 
    0.0045578231   -0.15893554688 
    0.0045804989   -0.16537475586 
    0.0046031746   -0.17013549805 
    0.0046258503   -0.17395019531 
    0.0046485261   -0.17581176758 
    0.0046712018   -0.17211914062 
    0.0046938776   -0.16891479492 
    0.0047165533   -0.16613769531 
     0.004739229    -0.1591796875 
    0.0047619048   -0.14788818359 
    0.0047845805   -0.12762451172 
    0.0048072562   -0.10485839844 
     0.004829932  -0.080780029297 
    0.0048526077  -0.055877685547 
    0.0048752834  -0.038024902344 
    0.0048979592  -0.024322509766 
    0.0049206349  -0.012268066406 
    0.0049433107  -0.0016174316406 
    0.0049659864  0.0067749023438 
    0.0049886621  0.0042724609375 
    0.0050113379  -0.009521484375 
    0.0050340136  -0.028686523438 
    0.0050566893        -0.046875 
    0.0050793651  -0.061889648438 
    0.0051020408  -0.073608398438 
    0.0051247166  -0.088226318359 
    0.0051473923   -0.10931396484 
     0.005170068   -0.13577270508 
    0.0051927438   -0.15982055664 
    0.0052154195   -0.17831420898 
    0.0052380952   -0.19229125977 
     0.005260771   -0.20498657227 
    0.0052834467   -0.21664428711 
    0.0053061224   -0.22943115234 
    0.0053287982   -0.24475097656 
    0.0053514739   -0.26391601562 
    0.0053741497   -0.28286743164 
    0.0053968254   -0.29443359375 
    0.0054195011   -0.30191040039 
    0.0054421769   -0.30834960938 
    0.0054648526   -0.31512451172 
    0.0054875283   -0.32208251953 
    0.0055102041    -0.3268737793 
    0.0055328798   -0.32614135742 
    0.0055555556   -0.32318115234 
    0.0055782313   -0.31915283203 
     0.005600907   -0.31518554688 
    0.0056235828   -0.31033325195 
    0.0056462585   -0.30563354492 
    0.0056689342   -0.30676269531 
      0.00569161   -0.30255126953 
    0.0057142857   -0.28717041016 
    0.0057369615   -0.26657104492 
    0.0057596372   -0.23849487305 
    0.0057823129      -0.21484375 
    0.0058049887   -0.20101928711 
    0.0058276644   -0.19259643555 
    0.0058503401   -0.18255615234 
    0.0058730159   -0.17080688477 
    0.0058956916   -0.15798950195 
    0.0059183673   -0.14007568359 
    0.0059410431   -0.11477661133 
    0.0059637188  -0.085754394531 
    0.0059863946  -0.054443359375 
