; Sample Rate 44100
; Channels 1
               0  -0.016784667969 
   2.2675737e-05   0.022277832031 
   4.5351474e-05   0.058288574219 
   6.8027211e-05   0.088134765625 
   9.0702948e-05    0.10794067383 
   0.00011337868    0.12341308594 
   0.00013605442    0.14340209961 
   0.00015873016    0.16110229492 
    0.0001814059     0.1770324707 
   0.00020408163    0.19030761719 
   0.00022675737    0.19833374023 
   0.00024943311    0.19808959961 
   0.00027210884    0.19052124023 
   0.00029478458    0.17660522461 
   0.00031746032    0.14376831055 
   0.00034013605   0.091827392578 
   0.00036281179   0.032440185547 
   0.00038548753  -0.030639648438 
   0.00040816327  -0.089691162109 
     0.000430839   -0.13571166992 
   0.00045351474   -0.16259765625 
   0.00047619048   -0.16516113281 
   0.00049886621     -0.138671875 
   0.00052154195  -0.086761474609 
   0.00054421769  -0.025726318359 
   0.00056689342   0.032135009766 
   0.00058956916   0.072570800781 
    0.0006122449   0.079895019531 
   0.00063492063   0.058410644531 
   0.00065759637     0.0224609375 
   0.00068027211  -0.012512207031 
   0.00070294785  -0.034027099609 
   0.00072562358  -0.042602539062 
   0.00074829932  -0.037872314453 
   0.00077097506  -0.026000976562 
   0.00079365079  -0.015502929688 
   0.00081632653  -0.0032653808594 
   0.00083900227   0.017547607422 
     0.000861678   0.044342041016 
   0.00088435374   0.076019287109 
   0.00090702948    0.10739135742 
   0.00092970522    0.13537597656 
   0.00095238095    0.16204833984 
   0.00097505669    0.19302368164 
   0.00099773243    0.23037719727 
    0.0010204082    0.26751708984 
    0.0010430839    0.30349731445 
    0.0010657596    0.33737182617 
    0.0010884354     0.3610534668 
    0.0011111111    0.37197875977 
    0.0011337868    0.36972045898 
    0.0011564626    0.35308837891 
    0.0011791383           0.3125 
    0.0012018141    0.25061035156 
    0.0012244898    0.18420410156 
    0.0012471655    0.12094116211 
    0.0012698413   0.075073242188 
     0.001292517   0.050109863281 
    0.0013151927   0.032623291016 
    0.0013378685   0.021545410156 
    0.0013605442   0.024078369141 
      0.00138322   0.046447753906 
    0.0014058957      0.083984375 
    0.0014285714    0.12634277344 
    0.0014512472    0.16058349609 
    0.0014739229    0.16885375977 
    0.0014965986    0.14709472656 
    0.0015192744     0.1120300293 
    0.0015419501   0.084991455078 
    0.0015646259   0.076477050781 
    0.0015873016   0.090515136719 
    0.0016099773    0.12045288086 
    0.0016326531    0.14270019531 
    0.0016553288    0.14779663086 
    0.0016780045    0.14022827148 
    0.0017006803    0.12725830078 
     0.001723356    0.12094116211 
    0.0017460317    0.12393188477 
    0.0017687075    0.12860107422 
    0.0017913832    0.12469482422 
     0.001814059    0.11361694336 
    0.0018367347    0.10177612305 
    0.0018594104   0.096435546875 
    0.0018820862    0.10443115234 
    0.0019047619    0.12396240234 
    0.0019274376    0.14321899414 
    0.0019501134    0.15365600586 
    0.0019727891    0.15814208984 
    0.0019954649    0.15634155273 
    0.0020181406    0.14645385742 
    0.0020408163    0.13565063477 
    0.0020634921    0.12411499023 
    0.0020861678    0.11126708984 
    0.0021088435    0.10153198242 
    0.0021315193   0.095886230469 
     0.002154195   0.092895507812 
    0.0021768707   0.092376708984 
    0.0021995465   0.094268798828 
    0.0022222222   0.097839355469 
     0.002244898    0.10174560547 
    0.0022675737    0.11285400391 
    0.0022902494    0.13024902344 
    0.0023129252     0.1535949707 
    0.0023356009    0.18341064453 
    0.0023582766     0.2158203125 
    0.0023809524    0.24392700195 
    0.0024036281    0.26629638672 
    0.0024263039    0.28927612305 
    0.0024489796    0.31045532227 
    0.0024716553         0.328125 
    0.0024943311    0.34658813477 
    0.0025170068    0.36303710938 
    0.0025396825    0.37384033203 
    0.0025623583    0.37985229492 
     0.002585034    0.38803100586 
    0.0026077098     0.3955078125 
    0.0026303855    0.40621948242 
    0.0026530612    0.41763305664 
     0.002675737    0.41757202148 
    0.0026984127    0.40246582031 
    0.0027210884    0.37609863281 
    0.0027437642    0.34936523438 
    0.0027664399    0.31948852539 
    0.0027891156    0.28851318359 
    0.0028117914    0.25552368164 
    0.0028344671    0.21438598633 
    0.0028571429    0.16845703125 
    0.0028798186    0.11401367188 
    0.0029024943   0.057189941406 
    0.0029251701  -0.0065307617188 
    0.0029478458  -0.073028564453 
    0.0029705215   -0.12576293945 
    0.0029931973   -0.17504882812 
     0.003015873   -0.22061157227 
    0.0030385488   -0.25213623047 
    0.0030612245   -0.26510620117 
    0.0030839002   -0.26211547852 
     0.003106576   -0.24194335938 
    0.0031292517    -0.2131652832 
    0.0031519274   -0.17877197266 
    0.0031746032   -0.13342285156 
    0.0031972789  -0.077331542969 
    0.0032199546  -0.021514892578 
    0.0032426304   0.022399902344 
    0.0032653061   0.051696777344 
    0.0032879819   0.066131591797 
    0.0033106576   0.080291748047 
    0.0033333333   0.096374511719 
    0.0033560091    0.11410522461 
    0.0033786848    0.12561035156 
    0.0034013605    0.12225341797 
    0.0034240363    0.11083984375 
     0.003446712   0.099670410156 
    0.0034693878   0.094573974609 
    0.0034920635    0.10067749023 
    0.0035147392   0.099700927734 
     0.003537415   0.099029541016 
    0.0035600907    0.10440063477 
    0.0035827664   0.094635009766 
    0.0036054422   0.067047119141 
    0.0036281179   0.031799316406 
    0.0036507937   -0.00146484375 
    0.0036734694  -0.017700195312 
    0.0036961451  -0.020385742188 
    0.0037188209  -0.022094726562 
    0.0037414966  -0.037963867188 
    0.0037641723  -0.064819335938 
    0.0037868481  -0.089538574219 
    0.0038095238   -0.12243652344 
    0.0038321995   -0.16766357422 
    0.0038548753   -0.22213745117 
     0.003877551   -0.28332519531 
    0.0039002268   -0.32760620117 
    0.0039229025   -0.34555053711 
    0.0039455782   -0.34259033203 
     0.003968254   -0.32901000977 
    0.0039909297   -0.31134033203 
    0.0040136054   -0.28662109375 
    0.0040362812   -0.25112915039 
    0.0040589569   -0.21340942383 
    0.0040816327   -0.17391967773 
    0.0041043084   -0.13732910156 
    0.0041269841   -0.11141967773 
    0.0041496599  -0.094421386719 
    0.0041723356  -0.076843261719 
    0.0041950113  -0.056823730469 
    0.0042176871  -0.038543701172 
    0.0042403628  -0.022094726562 
    0.0042630385  -0.017517089844 
    0.0042857143  -0.033569335938 
      0.00430839  -0.055297851562 
    0.0043310658  -0.079040527344 
    0.0043537415   -0.08544921875 
    0.0043764172  -0.081390380859 
     0.004399093  -0.091339111328 
    0.0044217687   -0.11050415039 
    0.0044444444   -0.12811279297 
    0.0044671202   -0.13619995117 
    0.0044897959   -0.14151000977 
    0.0045124717   -0.14343261719 
    0.0045351474   -0.14511108398 
    0.0045578231   -0.14923095703 
    0.0045804989   -0.15307617188 
    0.0046031746   -0.15939331055 
    0.0046258503   -0.17218017578 
    0.0046485261   -0.18447875977 
    0.0046712018   -0.18783569336 
    0.0046938776   -0.18048095703 
    0.0047165533   -0.16851806641 
     0.004739229   -0.15957641602 
    0.0047619048   -0.15789794922 
    0.0047845805   -0.15612792969 
    0.0048072562   -0.14202880859 
     0.004829932    -0.1149597168 
    0.0048526077  -0.088745117188 
    0.0048752834  -0.069030761719 
    0.0048979592  -0.051788330078 
    0.0049206349  -0.032073974609 
    0.0049433107  -0.014434814453 
    0.0049659864  -0.0065307617188 
    0.0049886621  -0.0067138671875 
    0.0050113379  -0.010620117188 
    0.0050340136  -0.012969970703 
    0.0050566893  -0.015075683594 
    0.0050793651  -0.018493652344 
    0.0051020408  -0.024475097656 
    0.0051247166  -0.033508300781 
    0.0051473923  -0.046081542969 
     0.005170068  -0.065673828125 
    0.0051927438  -0.089752197266 
    0.0052154195   -0.11273193359 
    0.0052380952   -0.13394165039 
     0.005260771   -0.15292358398 
    0.0052834467   -0.17288208008 
    0.0053061224   -0.19793701172 
    0.0053287982   -0.22122192383 
    0.0053514739   -0.23962402344 
    0.0053741497   -0.25213623047 
    0.0053968254   -0.26354980469 
    0.0054195011   -0.27975463867 
    0.0054421769   -0.30038452148 
    0.0054648526    -0.3205871582 
    0.0054875283   -0.33786010742 
    0.0055102041   -0.34631347656 
    0.0055328798   -0.34884643555 
    0.0055555556   -0.34918212891 
    0.0055782313   -0.34759521484 
     0.005600907   -0.34228515625 
    0.0056235828   -0.33245849609 
    0.0056462585   -0.32369995117 
    0.0056689342   -0.31509399414 
      0.00569161   -0.30642700195 
    0.0057142857   -0.29544067383 
    0.0057369615   -0.28350830078 
    0.0057596372   -0.27536010742 
    0.0057823129   -0.26739501953 
    0.0058049887     -0.263671875 
    0.0058276644   -0.25958251953 
    0.0058503401   -0.24584960938 
    0.0058730159   -0.23034667969 
    0.0058956916   -0.20770263672 
    0.0059183673   -0.17929077148 
    0.0059410431   -0.15115356445 
    0.0059637188   -0.12435913086 
    0.0059863946  -0.093811035156 
    0.0060090703  -0.052185058594 
