; Sample Rate 44100
; Channels 1
               0  -0.00042724609375 
   2.2675737e-05   0.028198242188 
   4.5351474e-05   0.054351806641 
   6.8027211e-05   0.077209472656 
   9.0702948e-05   0.094207763672 
   0.00011337868       0.10546875 
   0.00013605442    0.11444091797 
   0.00015873016    0.12121582031 
    0.0001814059    0.12911987305 
   0.00020408163    0.13385009766 
   0.00022675737    0.13375854492 
   0.00024943311     0.1305847168 
   0.00027210884    0.12515258789 
   0.00029478458    0.11651611328 
   0.00031746032    0.10333251953 
   0.00034013605   0.083129882812 
   0.00036281179   0.053771972656 
   0.00038548753   0.018585205078 
   0.00040816327  -0.016967773438 
     0.000430839  -0.049591064453 
   0.00045351474  -0.078674316406 
   0.00047619048   -0.10208129883 
   0.00049886621     -0.119140625 
   0.00052154195   -0.12478637695 
   0.00054421769   -0.11373901367 
   0.00056689342  -0.090515136719 
   0.00058956916  -0.062255859375 
    0.0006122449  -0.037567138672 
   0.00063492063  -0.023284912109 
   0.00065759637  -0.019836425781 
   0.00068027211  -0.017364501953 
   0.00070294785    -0.0087890625 
   0.00072562358    0.00634765625 
   0.00074829932   0.026885986328 
   0.00077097506   0.048217773438 
   0.00079365079   0.070190429688 
   0.00081632653   0.090240478516 
   0.00083900227    0.11108398438 
     0.000861678    0.13522338867 
   0.00088435374    0.15533447266 
   0.00090702948    0.16873168945 
   0.00092970522    0.17727661133 
   0.00095238095    0.18115234375 
   0.00097505669    0.18273925781 
   0.00099773243    0.18286132812 
    0.0010204082     0.1842956543 
    0.0010430839    0.18536376953 
    0.0010657596    0.18270874023 
    0.0010884354    0.18338012695 
    0.0011111111           0.1875 
    0.0011337868    0.18923950195 
    0.0011564626    0.18850708008 
    0.0011791383    0.18127441406 
    0.0012018141    0.16339111328 
    0.0012244898    0.14077758789 
    0.0012471655    0.12191772461 
    0.0012698413    0.10986328125 
     0.001292517   0.096435546875 
    0.0013151927   0.081604003906 
    0.0013378685   0.066436767578 
    0.0013605442   0.049377441406 
      0.00138322   0.040771484375 
    0.0014058957       0.05078125 
    0.0014285714   0.071258544922 
    0.0014512472   0.087310791016 
    0.0014739229   0.094512939453 
    0.0014965986   0.091033935547 
    0.0015192744   0.078186035156 
    0.0015419501   0.070556640625 
    0.0015646259   0.077972412109 
    0.0015873016   0.092559814453 
    0.0016099773    0.10543823242 
    0.0016326531    0.11068725586 
    0.0016553288    0.10946655273 
    0.0016780045     0.1064453125 
    0.0017006803    0.11166381836 
     0.001723356    0.12606811523 
    0.0017460317    0.13641357422 
    0.0017687075    0.13592529297 
    0.0017913832    0.12814331055 
     0.001814059    0.11499023438 
    0.0018367347    0.10171508789 
    0.0018594104   0.095581054688 
    0.0018820862   0.095672607422 
    0.0019047619   0.093078613281 
    0.0019274376   0.083129882812 
    0.0019501134   0.069641113281 
    0.0019727891   0.057739257812 
    0.0019954649      0.052734375 
    0.0020181406   0.054107666016 
    0.0020408163   0.055419921875 
    0.0020634921   0.052612304688 
    0.0020861678   0.047882080078 
    0.0021088435   0.045989990234 
    0.0021315193   0.049407958984 
     0.002154195   0.059997558594 
    0.0021768707   0.074462890625 
    0.0021995465   0.087219238281 
    0.0022222222   0.097076416016 
     0.002244898     0.1086730957 
    0.0022675737    0.12640380859 
    0.0022902494    0.15014648438 
    0.0023129252    0.17553710938 
    0.0023356009    0.19970703125 
    0.0023582766          0.21875 
    0.0023809524    0.23272705078 
    0.0024036281    0.24591064453 
    0.0024263039    0.26107788086 
    0.0024489796    0.27844238281 
    0.0024716553    0.29556274414 
    0.0024943311    0.30825805664 
    0.0025170068       0.31640625 
    0.0025396825    0.32067871094 
    0.0025623583    0.32131958008 
     0.002585034    0.31842041016 
    0.0026077098    0.31457519531 
    0.0026303855    0.30825805664 
    0.0026530612    0.29827880859 
     0.002675737    0.28451538086 
    0.0026984127    0.26623535156 
    0.0027210884    0.24420166016 
    0.0027437642    0.22198486328 
    0.0027664399    0.20278930664 
    0.0027891156    0.18728637695 
    0.0028117914     0.1689453125 
    0.0028344671    0.14859008789 
    0.0028571429    0.12271118164 
    0.0028798186   0.087951660156 
    0.0029024943   0.051330566406 
    0.0029251701   0.014801025391 
    0.0029478458  -0.021423339844 
    0.0029705215  -0.051727294922 
    0.0029931973  -0.073272705078 
     0.003015873  -0.086181640625 
    0.0030385488  -0.090026855469 
    0.0030612245  -0.089874267578 
    0.0030839002  -0.090881347656 
     0.003106576  -0.097686767578 
    0.0031292517   -0.10647583008 
    0.0031519274   -0.11361694336 
    0.0031746032   -0.11480712891 
    0.0031972789   -0.10244750977 
    0.0032199546  -0.080139160156 
    0.0032426304  -0.057952880859 
    0.0032653061  -0.039276123047 
    0.0032879819  -0.022521972656 
    0.0033106576   -0.00341796875 
    0.0033333333   0.021728515625 
    0.0033560091   0.048858642578 
    0.0033786848   0.071105957031 
    0.0034013605   0.084442138672 
    0.0034240363   0.087707519531 
     0.003446712   0.086486816406 
    0.0034693878   0.085876464844 
    0.0034920635     0.0888671875 
    0.0035147392   0.092834472656 
     0.003537415   0.093017578125 
    0.0035600907   0.088043212891 
    0.0035827664   0.076538085938 
    0.0036054422     0.0595703125 
    0.0036281179   0.043121337891 
    0.0036507937   0.027465820312 
    0.0036734694   0.010223388672 
    0.0036961451  -0.010070800781 
    0.0037188209  -0.033142089844 
    0.0037414966  -0.053405761719 
    0.0037641723  -0.072540283203 
    0.0037868481  -0.091979980469 
    0.0038095238   -0.11587524414 
    0.0038321995   -0.14260864258 
    0.0038548753   -0.16473388672 
     0.003877551   -0.17532348633 
    0.0039002268   -0.17520141602 
    0.0039229025   -0.17227172852 
    0.0039455782   -0.17147827148 
     0.003968254   -0.17706298828 
    0.0039909297   -0.18789672852 
    0.0040136054   -0.19946289062 
    0.0040362812   -0.20053100586 
    0.0040589569   -0.18884277344 
    0.0040816327      -0.16796875 
    0.0041043084   -0.14514160156 
    0.0041269841    -0.1311340332 
    0.0041496599   -0.12271118164 
    0.0041723356   -0.10708618164 
    0.0041950113  -0.087280273438 
    0.0042176871  -0.070404052734 
    0.0042403628  -0.057861328125 
    0.0042630385  -0.049468994141 
    0.0042857143   -0.04931640625 
      0.00430839  -0.055267333984 
    0.0043310658  -0.059234619141 
    0.0043537415  -0.059448242188 
    0.0043764172  -0.063598632812 
     0.004399093  -0.071533203125 
    0.0044217687  -0.077606201172 
    0.0044444444  -0.082977294922 
    0.0044671202  -0.086578369141 
    0.0044897959  -0.090209960938 
    0.0045124717  -0.095397949219 
    0.0045351474   -0.10159301758 
    0.0045578231   -0.10717773438 
    0.0045804989   -0.11145019531 
    0.0046031746   -0.11364746094 
    0.0046258503   -0.11511230469 
    0.0046485261   -0.11694335938 
    0.0046712018   -0.11514282227 
    0.0046938776   -0.11447143555 
    0.0047165533    -0.1145324707 
     0.004739229   -0.11334228516 
    0.0047619048   -0.10897827148 
    0.0047845805  -0.099517822266 
    0.0048072562  -0.086730957031 
     0.004829932  -0.077178955078 
    0.0048526077  -0.072357177734 
    0.0048752834  -0.066345214844 
    0.0048979592  -0.064086914062 
    0.0049206349  -0.064025878906 
    0.0049433107  -0.059753417969 
    0.0049659864  -0.051818847656 
    0.0049886621  -0.040618896484 
    0.0050113379  -0.033050537109 
    0.0050340136  -0.030853271484 
    0.0050566893  -0.030914306641 
    0.0050793651  -0.034362792969 
    0.0051020408  -0.040466308594 
    0.0051247166  -0.049041748047 
    0.0051473923  -0.058563232422 
     0.005170068  -0.066864013672 
    0.0051927438  -0.079071044922 
    0.0052154195  -0.094696044922 
    0.0052380952   -0.10977172852 
     0.005260771   -0.12539672852 
    0.0052834467   -0.14517211914 
    0.0053061224    -0.1662902832 
    0.0053287982   -0.18576049805 
    0.0053514739   -0.20327758789 
    0.0053741497   -0.21914672852 
    0.0053968254   -0.23477172852 
    0.0054195011   -0.24920654297 
    0.0054421769   -0.26138305664 
    0.0054648526   -0.27001953125 
    0.0054875283   -0.27752685547 
    0.0055102041   -0.28329467773 
    0.0055328798   -0.28689575195 
    0.0055555556   -0.28756713867 
    0.0055782313   -0.28506469727 
     0.005600907   -0.28051757812 
    0.0056235828   -0.27359008789 
    0.0056462585   -0.26629638672 
    0.0056689342   -0.25659179688 
      0.00569161   -0.24517822266 
    0.0057142857   -0.23272705078 
    0.0057369615   -0.22048950195 
    0.0057596372   -0.20700073242 
    0.0057823129    -0.1907043457 
    0.0058049887   -0.17318725586 
    0.0058276644   -0.15631103516 
    0.0058503401   -0.13943481445 
    0.0058730159   -0.12191772461 
    0.0058956916   -0.10263061523 
    0.0059183673  -0.082489013672 
    0.0059410431  -0.062744140625 
    0.0059637188  -0.041839599609 
