; Sample Rate 44100
; Channels 1
               0   0.014404296875 
   2.2675737e-05   0.048919677734 
   4.5351474e-05   0.071716308594 
   6.8027211e-05   0.085418701172 
   9.0702948e-05   0.093353271484 
   0.00011337868    0.10696411133 
   0.00013605442    0.12838745117 
   0.00015873016    0.14868164062 
    0.0001814059    0.16604614258 
   0.00020408163    0.17211914062 
   0.00022675737    0.16485595703 
   0.00024943311    0.15197753906 
   0.00027210884    0.13464355469 
   0.00029478458    0.11157226562 
   0.00031746032   0.083312988281 
   0.00034013605   0.052581787109 
   0.00036281179   0.022216796875 
   0.00038548753  -0.010864257812 
   0.00040816327  -0.044342041016 
     0.000430839  -0.070220947266 
   0.00045351474  -0.088623046875 
   0.00047619048   -0.10278320312 
   0.00049886621   -0.11395263672 
   0.00052154195   -0.11639404297 
   0.00054421769   -0.10678100586 
   0.00056689342  -0.092193603516 
   0.00058956916  -0.079071044922 
    0.0006122449  -0.068756103516 
   0.00063492063  -0.061553955078 
   0.00065759637   -0.05615234375 
   0.00068027211  -0.045776367188 
   0.00070294785  -0.030517578125 
   0.00072562358  -0.013854980469 
   0.00074829932  0.0032043457031 
   0.00077097506   0.026184082031 
   0.00079365079   0.053833007812 
   0.00081632653   0.082489013672 
   0.00083900227    0.11282348633 
     0.000861678    0.14440917969 
   0.00088435374    0.17230224609 
   0.00090702948    0.19424438477 
   0.00092970522    0.20697021484 
   0.00095238095    0.21676635742 
   0.00097505669    0.22259521484 
   0.00099773243    0.22546386719 
    0.0010204082    0.22686767578 
    0.0010430839    0.22579956055 
    0.0010657596    0.22479248047 
    0.0010884354    0.22012329102 
    0.0011111111    0.21182250977 
    0.0011337868    0.19989013672 
    0.0011564626    0.18316650391 
    0.0011791383    0.16036987305 
    0.0012018141    0.13714599609 
    0.0012244898     0.1188659668 
    0.0012471655    0.10763549805 
    0.0012698413   0.098114013672 
     0.001292517   0.080627441406 
    0.0013151927   0.059417724609 
    0.0013378685   0.040344238281 
    0.0013605442   0.029388427734 
      0.00138322   0.034790039062 
    0.0014058957   0.053833007812 
    0.0014285714   0.076263427734 
    0.0014512472   0.087615966797 
    0.0014739229   0.086181640625 
    0.0014965986   0.078887939453 
    0.0015192744   0.077178955078 
    0.0015419501   0.087036132812 
    0.0015646259    0.10150146484 
    0.0015873016    0.10940551758 
    0.0016099773    0.11099243164 
    0.0016326531    0.10906982422 
    0.0016553288     0.1064453125 
    0.0016780045    0.11053466797 
    0.0017006803    0.12548828125 
     0.001723356    0.14157104492 
    0.0017460317    0.14920043945 
    0.0017687075    0.14596557617 
    0.0017913832    0.13458251953 
     0.001814059    0.12057495117 
    0.0018367347    0.11227416992 
    0.0018594104    0.10977172852 
    0.0018820862    0.10321044922 
    0.0019047619   0.091186523438 
    0.0019274376   0.077117919922 
    0.0019501134   0.063995361328 
    0.0019727891   0.058074951172 
    0.0019954649   0.059661865234 
    0.0020181406   0.061309814453 
    0.0020408163   0.057434082031 
    0.0020634921   0.050415039062 
    0.0020861678   0.047943115234 
    0.0021088435   0.050262451172 
    0.0021315193   0.059417724609 
     0.002154195   0.071533203125 
    0.0021768707   0.079833984375 
    0.0021995465   0.087066650391 
    0.0022222222   0.098602294922 
     0.002244898    0.11547851562 
    0.0022675737    0.13803100586 
    0.0022902494    0.16439819336 
    0.0023129252    0.18795776367 
    0.0023356009     0.2048034668 
    0.0023582766    0.21798706055 
    0.0023809524    0.23199462891 
    0.0024036281    0.24795532227 
    0.0024263039    0.26544189453 
    0.0024489796    0.28506469727 
    0.0024716553    0.30197143555 
    0.0024943311    0.31524658203 
    0.0025170068    0.32656860352 
    0.0025396825    0.33432006836 
    0.0025623583    0.33724975586 
     0.002585034    0.33486938477 
    0.0026077098    0.32876586914 
    0.0026303855    0.32244873047 
    0.0026530612    0.31948852539 
     0.002675737     0.3157043457 
    0.0026984127    0.30541992188 
    0.0027210884    0.28778076172 
    0.0027437642    0.26324462891 
    0.0027664399    0.23696899414 
    0.0027891156    0.20849609375 
    0.0028117914    0.18005371094 
    0.0028344671    0.15151977539 
    0.0028571429    0.12167358398 
    0.0028798186       0.08984375 
    0.0029024943   0.059509277344 
    0.0029251701   0.028076171875 
    0.0029478458  -0.0073852539062 
    0.0029705215  -0.045776367188 
    0.0029931973  -0.081085205078 
     0.003015873   -0.10946655273 
    0.0030385488   -0.12353515625 
    0.0030612245   -0.12591552734 
    0.0030839002   -0.12838745117 
     0.003106576    -0.1296081543 
    0.0031292517   -0.12536621094 
    0.0031519274   -0.11627197266 
    0.0031746032   -0.10021972656 
    0.0031972789  -0.077209472656 
    0.0032199546  -0.055480957031 
    0.0032426304  -0.042327880859 
    0.0032653061  -0.031158447266 
    0.0032879819  -0.013397216797 
    0.0033106576  0.0039978027344 
    0.0033333333   0.024017333984 
    0.0033560091   0.051513671875 
    0.0033786848   0.077301025391 
    0.0034013605   0.093292236328 
    0.0034240363   0.096801757812 
     0.003446712    0.09716796875 
    0.0034693878    0.10003662109 
    0.0034920635    0.10510253906 
    0.0035147392    0.10580444336 
     0.003537415    0.09814453125 
    0.0035600907   0.089965820312 
    0.0035827664   0.077789306641 
    0.0036054422   0.065063476562 
    0.0036281179   0.054107666016 
    0.0036507937   0.042297363281 
    0.0036734694   0.022308349609 
    0.0036961451  -0.0097351074219 
    0.0037188209  -0.043426513672 
    0.0037414966  -0.067352294922 
    0.0037641723  -0.081909179688 
    0.0037868481  -0.091949462891 
    0.0038095238   -0.10458374023 
    0.0038321995    -0.1282043457 
    0.0038548753   -0.15957641602 
     0.003877551   -0.18936157227 
    0.0039002268   -0.20520019531 
    0.0039229025   -0.20120239258 
    0.0039455782   -0.18957519531 
     0.003968254   -0.18646240234 
    0.0039909297   -0.19509887695 
    0.0040136054   -0.20559692383 
    0.0040362812   -0.21081542969 
    0.0040589569   -0.20358276367 
    0.0040816327   -0.18325805664 
    0.0041043084   -0.15563964844 
    0.0041269841   -0.13870239258 
    0.0041496599    -0.1354675293 
    0.0041723356    -0.1279296875 
    0.0041950113   -0.10830688477 
    0.0042176871  -0.079895019531 
    0.0042403628  -0.055694580078 
    0.0042630385  -0.045928955078 
    0.0042857143  -0.047424316406 
      0.00430839  -0.046417236328 
    0.0043310658  -0.051208496094 
    0.0043537415  -0.054992675781 
    0.0043764172  -0.051971435547 
     0.004399093  -0.053894042969 
    0.0044217687  -0.059417724609 
    0.0044444444  -0.068695068359 
    0.0044671202  -0.078277587891 
    0.0044897959  -0.081146240234 
    0.0045124717  -0.084045410156 
    0.0045351474  -0.091094970703 
    0.0045578231   -0.10232543945 
    0.0045804989   -0.11953735352 
    0.0046031746    -0.1369934082 
    0.0046258503   -0.14450073242 
    0.0046485261    -0.1408996582 
    0.0046712018   -0.13272094727 
    0.0046938776   -0.12545776367 
    0.0047165533   -0.11990356445 
     0.004739229   -0.11590576172 
    0.0047619048   -0.11093139648 
    0.0047845805   -0.10079956055 
    0.0048072562  -0.090606689453 
     0.004829932  -0.080688476562 
    0.0048526077  -0.072326660156 
    0.0048752834  -0.064819335938 
    0.0048979592  -0.057586669922 
    0.0049206349  -0.050231933594 
    0.0049433107  -0.041107177734 
    0.0049659864  -0.034393310547 
    0.0049886621  -0.028289794922 
    0.0050113379     -0.021484375 
    0.0050340136  -0.020385742188 
    0.0050566893  -0.021942138672 
    0.0050793651  -0.027099609375 
    0.0051020408      -0.03515625 
    0.0051247166  -0.044769287109 
    0.0051473923  -0.058410644531 
     0.005170068  -0.076873779297 
    0.0051927438  -0.097747802734 
    0.0052154195    -0.1174621582 
    0.0052380952   -0.13269042969 
     0.005260771   -0.14422607422 
    0.0052834467   -0.15420532227 
    0.0053061224   -0.16931152344 
    0.0053287982   -0.18841552734 
    0.0053514739   -0.20831298828 
    0.0053741497   -0.22784423828 
    0.0053968254   -0.24389648438 
    0.0054195011   -0.25662231445 
    0.0054421769   -0.26461791992 
    0.0054648526   -0.26837158203 
    0.0054875283   -0.27560424805 
    0.0055102041   -0.28384399414 
    0.0055328798    -0.2864074707 
    0.0055555556   -0.28317260742 
    0.0055782313   -0.27914428711 
     0.005600907   -0.27728271484 
    0.0056235828   -0.27667236328 
    0.0056462585   -0.27377319336 
    0.0056689342   -0.26666259766 
      0.00569161   -0.25793457031 
    0.0057142857   -0.24935913086 
    0.0057369615   -0.23736572266 
    0.0057596372   -0.22015380859 
    0.0057823129   -0.20050048828 
    0.0058049887   -0.18374633789 
    0.0058276644    -0.1686706543 
    0.0058503401    -0.1526184082 
    0.0058730159   -0.13430786133 
    0.0058956916   -0.11239624023 
    0.0059183673  -0.088165283203 
    0.0059410431  -0.063781738281 
    0.0059637188  -0.038238525391 
