; Sample Rate 44100
; Channels 1
               0  -0.021270751953 
   2.2675737e-05   0.026580810547 
   4.5351474e-05   0.070404052734 
   6.8027211e-05    0.10678100586 
   9.0702948e-05    0.14071655273 
   0.00011337868    0.16580200195 
   0.00013605442    0.18115234375 
   0.00015873016     0.1921081543 
    0.0001814059    0.19732666016 
   0.00020408163    0.19760131836 
   0.00022675737    0.19763183594 
   0.00024943311    0.19985961914 
   0.00027210884    0.20385742188 
   0.00029478458    0.19677734375 
   0.00031746032    0.16943359375 
   0.00034013605    0.12243652344 
   0.00036281179   0.052978515625 
   0.00038548753  -0.029846191406 
   0.00040816327   -0.11260986328 
     0.000430839   -0.17919921875 
   0.00045351474   -0.21878051758 
   0.00047619048   -0.22329711914 
   0.00049886621   -0.19500732422 
   0.00052154195   -0.14434814453 
   0.00054421769  -0.080047607422 
   0.00056689342  -0.025268554688 
   0.00058956916   0.004150390625 
    0.0006122449   0.010650634766 
   0.00063492063  -0.0045471191406 
   0.00065759637  -0.030975341797 
   0.00068027211  -0.046905517578 
   0.00070294785  -0.048492431641 
   0.00072562358  -0.038055419922 
   0.00074829932  -0.017913818359 
   0.00077097506  0.0038757324219 
   0.00079365079   0.021697998047 
   0.00081632653   0.041198730469 
   0.00083900227   0.064086914062 
     0.000861678   0.088287353516 
   0.00088435374     0.1081237793 
   0.00090702948    0.12298583984 
   0.00092970522    0.14025878906 
   0.00095238095    0.15893554688 
   0.00097505669    0.18695068359 
   0.00099773243    0.22747802734 
    0.0010204082    0.27261352539 
    0.0010430839    0.31338500977 
    0.0010657596    0.34356689453 
    0.0010884354     0.3610534668 
    0.0011111111     0.3662109375 
    0.0011337868    0.35699462891 
    0.0011564626    0.33129882812 
    0.0011791383    0.28723144531 
    0.0012018141    0.22473144531 
    0.0012244898    0.15475463867 
    0.0012471655   0.088928222656 
    0.0012698413   0.034576416016 
     0.001292517  -0.00015258789062 
    0.0013151927  -0.011383056641 
    0.0013378685  -0.0052185058594 
    0.0013605442  0.0089111328125 
      0.00138322   0.030853271484 
    0.0014058957   0.062866210938 
    0.0014285714   0.094543457031 
    0.0014512472    0.11477661133 
    0.0014739229    0.11776733398 
    0.0014965986     0.1008605957 
    0.0015192744   0.072601318359 
    0.0015419501   0.051940917969 
    0.0015646259   0.057952880859 
    0.0015873016   0.088531494141 
    0.0016099773    0.12457275391 
    0.0016326531    0.15188598633 
    0.0016553288    0.15927124023 
    0.0016780045    0.15036010742 
    0.0017006803    0.14004516602 
     0.001723356    0.13549804688 
    0.0017460317    0.13668823242 
    0.0017687075    0.14041137695 
    0.0017913832    0.14028930664 
     0.001814059    0.13446044922 
    0.0018367347    0.12637329102 
    0.0018594104    0.12243652344 
    0.0018820862    0.12783813477 
    0.0019047619    0.13809204102 
    0.0019274376    0.14367675781 
    0.0019501134    0.14065551758 
    0.0019727891    0.12899780273 
    0.0019954649    0.11392211914 
    0.0020181406   0.099456787109 
    0.0020408163   0.086761474609 
    0.0020634921   0.076568603516 
    0.0020861678   0.068908691406 
    0.0021088435   0.065734863281 
    0.0021315193    0.06689453125 
     0.002154195   0.070251464844 
    0.0021768707   0.074676513672 
    0.0021995465   0.079467773438 
    0.0022222222   0.082763671875 
     0.002244898   0.089019775391 
    0.0022675737    0.10211181641 
    0.0022902494    0.12158203125 
    0.0023129252     0.1435546875 
    0.0023356009    0.16644287109 
    0.0023582766    0.18981933594 
    0.0023809524    0.21353149414 
    0.0024036281     0.2392578125 
    0.0024263039    0.26522827148 
    0.0024489796    0.28854370117 
    0.0024716553    0.30895996094 
    0.0024943311    0.32479858398 
    0.0025170068    0.33410644531 
    0.0025396825    0.34100341797 
    0.0025623583    0.35021972656 
     0.002585034    0.36547851562 
    0.0026077098    0.38549804688 
    0.0026303855    0.40139770508 
    0.0026530612    0.41256713867 
     0.002675737    0.41467285156 
    0.0026984127    0.40814208984 
    0.0027210884     0.3955078125 
    0.0027437642    0.37884521484 
    0.0027664399    0.35922241211 
    0.0027891156    0.33843994141 
    0.0028117914    0.30841064453 
    0.0028344671    0.26400756836 
    0.0028571429    0.21130371094 
    0.0028798186    0.16305541992 
    0.0029024943    0.11920166016 
    0.0029251701   0.078704833984 
    0.0029478458   0.039093017578 
    0.0029705215  -0.0033569335938 
    0.0029931973  -0.049438476562 
     0.003015873  -0.098541259766 
    0.0030385488   -0.15017700195 
    0.0030612245   -0.19277954102 
    0.0030839002   -0.22003173828 
     0.003106576   -0.23007202148 
    0.0031292517   -0.22665405273 
    0.0031519274   -0.21206665039 
    0.0031746032   -0.19274902344 
    0.0031972789   -0.17358398438 
    0.0032199546   -0.14288330078 
    0.0032426304   -0.10208129883 
    0.0032653061  -0.061950683594 
    0.0032879819  -0.028076171875 
    0.0033106576  0.0016784667969 
    0.0033333333   0.037048339844 
    0.0033560091   0.075500488281 
    0.0033786848    0.11193847656 
    0.0034013605     0.1418762207 
    0.0034240363    0.16079711914 
     0.003446712    0.17456054688 
    0.0034693878    0.17947387695 
    0.0034920635    0.17681884766 
    0.0035147392    0.17370605469 
     0.003537415    0.17068481445 
    0.0035600907    0.16046142578 
    0.0035827664    0.13543701172 
    0.0036054422    0.10092163086 
    0.0036281179     0.0712890625 
    0.0036507937   0.047424316406 
    0.0036734694   0.024322509766 
    0.0036961451  -0.0015258789062 
    0.0037188209   -0.03271484375 
    0.0037414966  -0.064666748047 
    0.0037641723  -0.089385986328 
    0.0037868481    -0.1037902832 
    0.0038095238   -0.10406494141 
    0.0038321995   -0.10369873047 
    0.0038548753   -0.12380981445 
     0.003877551   -0.16717529297 
    0.0039002268    -0.2243347168 
    0.0039229025   -0.27722167969 
    0.0039455782   -0.30334472656 
     0.003968254   -0.30798339844 
    0.0039909297   -0.30380249023 
    0.0040136054   -0.28927612305 
    0.0040362812   -0.26986694336 
    0.0040589569   -0.25616455078 
    0.0040816327   -0.23962402344 
    0.0041043084   -0.19467163086 
    0.0041269841    -0.1594543457 
    0.0041496599   -0.14764404297 
    0.0041723356   -0.12112426758 
    0.0041950113  -0.091491699219 
    0.0042176871  -0.065399169922 
    0.0042403628  -0.045349121094 
    0.0042630385  -0.038513183594 
    0.0042857143  -0.028961181641 
      0.00430839  -0.020965576172 
    0.0043310658  -0.012908935547 
    0.0043537415  -0.015472412109 
    0.0043764172  -0.025634765625 
     0.004399093  -0.026580810547 
    0.0044217687  -0.030975341797 
    0.0044444444  -0.046539306641 
    0.0044671202  -0.064697265625 
    0.0044897959  -0.077270507812 
    0.0045124717  -0.091125488281 
    0.0045351474   -0.11547851562 
    0.0045578231   -0.14172363281 
    0.0045804989   -0.16659545898 
    0.0046031746    -0.1884765625 
    0.0046258503   -0.20651245117 
    0.0046485261   -0.21615600586 
    0.0046712018   -0.21200561523 
    0.0046938776   -0.20062255859 
    0.0047165533   -0.19161987305 
     0.004739229   -0.18118286133 
    0.0047619048   -0.17108154297 
    0.0047845805   -0.15734863281 
    0.0048072562   -0.13220214844 
     0.004829932   -0.10784912109 
    0.0048526077  -0.084594726562 
    0.0048752834     -0.056640625 
    0.0048979592  -0.033294677734 
    0.0049206349  -0.020446777344 
    0.0049433107  -0.015106201172 
    0.0049659864  -0.0099182128906 
    0.0049886621      -0.00390625 
    0.0050113379  -0.00039672851562 
    0.0050340136  -0.0037231445312 
    0.0050566893  -0.011657714844 
    0.0050793651  -0.021179199219 
    0.0051020408  -0.031555175781 
    0.0051247166  -0.039947509766 
    0.0051473923  -0.045166015625 
     0.005170068  -0.051330566406 
    0.0051927438  -0.061492919922 
    0.0052154195  -0.080657958984 
    0.0052380952   -0.10870361328 
     0.005260771   -0.13195800781 
    0.0052834467   -0.14587402344 
    0.0053061224   -0.15634155273 
    0.0053287982   -0.17102050781 
    0.0053514739    -0.1884765625 
    0.0053741497   -0.21041870117 
    0.0053968254   -0.23748779297 
    0.0054195011   -0.26092529297 
    0.0054421769   -0.27920532227 
    0.0054648526   -0.29669189453 
    0.0054875283   -0.31539916992 
    0.0055102041   -0.33596801758 
    0.0055328798   -0.35223388672 
    0.0055555556    -0.3581237793 
    0.0055782313   -0.35354614258 
     0.005600907   -0.34814453125 
    0.0056235828   -0.34661865234 
    0.0056462585   -0.34243774414 
    0.0056689342   -0.33639526367 
      0.00569161   -0.33172607422 
    0.0057142857   -0.32089233398 
    0.0057369615   -0.30215454102 
    0.0057596372   -0.28167724609 
    0.0057823129   -0.26260375977 
    0.0058049887   -0.24850463867 
    0.0058276644   -0.23596191406 
    0.0058503401   -0.22311401367 
    0.0058730159   -0.21224975586 
    0.0058956916   -0.20053100586 
    0.0059183673   -0.18197631836 
    0.0059410431   -0.15768432617 
    0.0059637188       -0.1328125 
    0.0059863946   -0.10729980469 
    0.0060090703  -0.076904296875 
     0.006031746  -0.041656494141 
