; Sample Rate 44100
; Channels 1
               0  -0.0071411132812 
   2.2675737e-05   0.027313232422 
   4.5351474e-05   0.056762695312 
   6.8027211e-05   0.078369140625 
   9.0702948e-05   0.094665527344 
   0.00011337868    0.10711669922 
   0.00013605442    0.12390136719 
   0.00015873016    0.14471435547 
    0.0001814059    0.16479492188 
   0.00020408163    0.18096923828 
   0.00022675737    0.18930053711 
   0.00024943311    0.18139648438 
   0.00027210884    0.15563964844 
   0.00029478458    0.12139892578 
   0.00031746032   0.082763671875 
   0.00034013605   0.038208007812 
   0.00036281179  -0.0083618164062 
   0.00038548753  -0.047302246094 
   0.00040816327  -0.074829101562 
     0.000430839  -0.093933105469 
   0.00045351474   -0.10717773438 
   0.00047619048   -0.11968994141 
   0.00049886621    -0.1266784668 
   0.00052154195   -0.12564086914 
   0.00054421769   -0.11959838867 
   0.00056689342   -0.10690307617 
   0.00058956916  -0.093505859375 
    0.0006122449  -0.086090087891 
   0.00063492063  -0.084045410156 
   0.00065759637  -0.080413818359 
   0.00068027211  -0.068115234375 
   0.00070294785  -0.049133300781 
   0.00072562358  -0.027008056641 
   0.00074829932  -0.007568359375 
   0.00077097506  0.0064392089844 
   0.00079365079   0.021545410156 
   0.00081632653   0.038452148438 
   0.00083900227   0.061004638672 
     0.000861678   0.090850830078 
   0.00088435374    0.12628173828 
   0.00090702948    0.16058349609 
   0.00092970522    0.18371582031 
   0.00095238095       0.19921875 
   0.00097505669    0.21124267578 
   0.00099773243    0.22302246094 
    0.0010204082    0.23358154297 
    0.0010430839    0.23916625977 
    0.0010657596    0.23980712891 
    0.0010884354    0.23797607422 
    0.0011111111     0.2301940918 
    0.0011337868    0.21438598633 
    0.0011564626    0.18960571289 
    0.0011791383    0.15347290039 
    0.0012018141     0.1149597168 
    0.0012244898   0.088287353516 
    0.0012471655   0.078826904297 
    0.0012698413   0.079711914062 
     0.001292517   0.080444335938 
    0.0013151927   0.072692871094 
    0.0013378685   0.058563232422 
    0.0013605442   0.044677734375 
      0.00138322   0.043701171875 
    0.0014058957   0.061401367188 
    0.0014285714   0.087524414062 
    0.0014512472    0.10903930664 
    0.0014739229    0.11618041992 
    0.0014965986    0.10531616211 
    0.0015192744   0.089691162109 
    0.0015419501   0.087829589844 
    0.0015646259    0.10189819336 
    0.0015873016    0.12017822266 
    0.0016099773    0.12777709961 
    0.0016326531    0.11822509766 
    0.0016553288   0.098419189453 
    0.0016780045   0.086944580078 
    0.0017006803   0.096130371094 
     0.001723356     0.1201171875 
    0.0017460317    0.14636230469 
    0.0017687075    0.16326904297 
    0.0017913832    0.16317749023 
     0.001814059    0.15188598633 
    0.0018367347    0.13983154297 
    0.0018594104     0.1360168457 
    0.0018820862    0.13589477539 
    0.0019047619    0.12985229492 
    0.0019274376        0.1171875 
    0.0019501134    0.10055541992 
    0.0019727891   0.086639404297 
    0.0019954649   0.081665039062 
    0.0020181406   0.081451416016 
    0.0020408163   0.077880859375 
    0.0020634921   0.069274902344 
    0.0020861678   0.061004638672 
    0.0021088435   0.057525634766 
    0.0021315193   0.059478759766 
     0.002154195   0.068054199219 
    0.0021768707   0.077667236328 
    0.0021995465   0.082946777344 
    0.0022222222   0.088348388672 
     0.002244898    0.10070800781 
    0.0022675737    0.12359619141 
    0.0022902494    0.15698242188 
    0.0023129252    0.19302368164 
    0.0023356009    0.22219848633 
    0.0023582766    0.23989868164 
    0.0023809524    0.25119018555 
    0.0024036281    0.26303100586 
    0.0024263039    0.27813720703 
    0.0024489796    0.29693603516 
    0.0024716553    0.31478881836 
    0.0024943311    0.32696533203 
    0.0025170068    0.33319091797 
    0.0025396825     0.3366394043 
    0.0025623583    0.34005737305 
     0.002585034    0.34619140625 
    0.0026077098    0.35571289062 
    0.0026303855     0.3645324707 
    0.0026530612    0.36712646484 
     0.002675737    0.35913085938 
    0.0026984127    0.33941650391 
    0.0027210884    0.31192016602 
    0.0027437642    0.28424072266 
    0.0027664399     0.2646484375 
    0.0027891156    0.24853515625 
    0.0028117914    0.23049926758 
    0.0028344671    0.20788574219 
    0.0028571429    0.17547607422 
    0.0028798186    0.13494873047 
    0.0029024943   0.090423583984 
    0.0029251701   0.047546386719 
    0.0029478458  0.0049743652344 
    0.0029705215  -0.037658691406 
    0.0029931973  -0.076782226562 
     0.003015873   -0.10885620117 
    0.0030385488   -0.13531494141 
    0.0030612245   -0.16046142578 
    0.0030839002   -0.18154907227 
     0.003106576   -0.19403076172 
    0.0031292517   -0.19833374023 
    0.0031519274   -0.19088745117 
    0.0031746032   -0.16735839844 
    0.0031972789   -0.12899780273 
    0.0032199546  -0.090850830078 
    0.0032426304  -0.061248779297 
    0.0032653061  -0.039978027344 
    0.0032879819  -0.022094726562 
    0.0033106576  -0.0050354003906 
    0.0033333333   0.013824462891 
    0.0033560091   0.040771484375 
    0.0033786848   0.066192626953 
    0.0034013605   0.083312988281 
    0.0034240363   0.093627929688 
     0.003446712    0.10073852539 
    0.0034693878    0.11154174805 
    0.0034920635    0.12686157227 
    0.0035147392    0.13809204102 
     0.003537415    0.13858032227 
    0.0035600907    0.12145996094 
    0.0035827664   0.091735839844 
    0.0036054422   0.060882568359 
    0.0036281179   0.034454345703 
    0.0036507937   0.012634277344 
    0.0036734694  -0.002197265625 
    0.0036961451  -0.016906738281 
    0.0037188209  -0.032409667969 
    0.0037414966  -0.047332763672 
    0.0037641723  -0.062469482422 
    0.0037868481  -0.078643798828 
    0.0038095238   -0.10147094727 
    0.0038321995   -0.12860107422 
    0.0038548753   -0.15600585938 
     0.003877551   -0.18405151367 
    0.0039002268   -0.21035766602 
    0.0039229025   -0.23016357422 
    0.0039455782   -0.24008178711 
     0.003968254      -0.24609375 
    0.0039909297   -0.24710083008 
    0.0040136054   -0.23638916016 
    0.0040362812   -0.21722412109 
    0.0040589569   -0.19729614258 
    0.0040816327   -0.17782592773 
    0.0041043084   -0.16229248047 
    0.0041269841   -0.15051269531 
    0.0041496599    -0.1423034668 
    0.0041723356   -0.12393188477 
    0.0041950113  -0.099853515625 
    0.0042176871  -0.079406738281 
    0.0042403628  -0.059478759766 
    0.0042630385  -0.046661376953 
    0.0042857143  -0.046844482422 
      0.00430839  -0.046539306641 
    0.0043310658  -0.041870117188 
    0.0043537415  -0.038116455078 
    0.0043764172   -0.03564453125 
     0.004399093  -0.040313720703 
    0.0044217687  -0.052581787109 
    0.0044444444  -0.066345214844 
    0.0044671202  -0.078033447266 
    0.0044897959  -0.088714599609 
    0.0045124717  -0.094757080078 
    0.0045351474  -0.099365234375 
    0.0045578231   -0.10733032227 
    0.0045804989   -0.11950683594 
    0.0046031746   -0.13110351562 
    0.0046258503   -0.13604736328 
    0.0046485261   -0.13229370117 
    0.0046712018   -0.12518310547 
    0.0046938776   -0.12115478516 
    0.0047165533   -0.12280273438 
     0.004739229   -0.12994384766 
    0.0047619048   -0.13745117188 
    0.0047845805   -0.13360595703 
    0.0048072562   -0.11630249023 
     0.004829932  -0.093933105469 
    0.0048526077  -0.073791503906 
    0.0048752834  -0.058502197266 
    0.0048979592  -0.045074462891 
    0.0049206349  -0.037994384766 
    0.0049433107  -0.035766601562 
    0.0049659864  -0.029754638672 
    0.0049886621  -0.024505615234 
    0.0050113379  -0.018920898438 
    0.0050340136  -0.015106201172 
    0.0050566893  -0.020141601562 
    0.0050793651  -0.028289794922 
    0.0051020408     -0.033203125 
    0.0051247166  -0.035980224609 
    0.0051473923  -0.043853759766 
     0.005170068  -0.056976318359 
    0.0051927438  -0.070434570312 
    0.0052154195  -0.086944580078 
    0.0052380952    -0.1051940918 
     0.005260771   -0.12210083008 
    0.0052834467   -0.13925170898 
    0.0053061224   -0.15838623047 
    0.0053287982   -0.17895507812 
    0.0053514739   -0.20181274414 
    0.0053741497   -0.22540283203 
    0.0053968254   -0.24435424805 
    0.0054195011   -0.26022338867 
    0.0054421769   -0.27389526367 
    0.0054648526   -0.28500366211 
    0.0054875283   -0.29400634766 
    0.0055102041   -0.29959106445 
    0.0055328798   -0.30297851562 
    0.0055555556   -0.30514526367 
    0.0055782313   -0.30590820312 
     0.005600907       -0.3046875 
    0.0056235828   -0.30493164062 
    0.0056462585    -0.2998046875 
    0.0056689342   -0.28552246094 
      0.00569161   -0.26947021484 
    0.0057142857   -0.25653076172 
    0.0057369615   -0.24774169922 
    0.0057596372   -0.23977661133 
    0.0057823129   -0.22778320312 
    0.0058049887   -0.21157836914 
    0.0058276644   -0.19607543945 
    0.0058503401   -0.17852783203 
    0.0058730159   -0.16006469727 
    0.0058956916   -0.13973999023 
    0.0059183673   -0.11761474609 
    0.0059410431  -0.093902587891 
    0.0059637188  -0.062805175781 
    0.0059863946  -0.024810791016 
