; Sample Rate 44100
; Channels 1
               0  -0.0078735351562 
   2.2675737e-05   0.022613525391 
   4.5351474e-05   0.048522949219 
   6.8027211e-05   0.066650390625 
   9.0702948e-05   0.083557128906 
   0.00011337868   0.099670410156 
   0.00013605442    0.11318969727 
   0.00015873016    0.12753295898 
    0.0001814059    0.13885498047 
   0.00020408163    0.14544677734 
   0.00022675737    0.14608764648 
   0.00024943311    0.13897705078 
   0.00027210884     0.1266784668 
   0.00029478458    0.11093139648 
   0.00031746032   0.092803955078 
   0.00034013605      0.072265625 
   0.00036281179   0.049530029297 
   0.00038548753   0.021697998047 
   0.00040816327  -0.0098876953125 
     0.000430839  -0.042297363281 
   0.00045351474  -0.072570800781 
   0.00047619048  -0.096343994141 
   0.00049886621   -0.11080932617 
   0.00052154195   -0.11679077148 
   0.00054421769   -0.11526489258 
   0.00056689342   -0.10589599609 
   0.00058956916  -0.090057373047 
    0.0006122449  -0.070983886719 
   0.00063492063  -0.053680419922 
   0.00065759637  -0.040008544922 
   0.00068027211  -0.026977539062 
   0.00070294785  -0.014343261719 
   0.00072562358  -0.0024719238281 
   0.00074829932   0.014617919922 
   0.00077097506   0.035827636719 
   0.00079365079   0.056365966797 
   0.00081632653    0.07763671875 
   0.00083900227   0.099731445312 
     0.000861678    0.12271118164 
   0.00088435374    0.14538574219 
   0.00090702948    0.16662597656 
   0.00092970522    0.18466186523 
   0.00095238095    0.19836425781 
   0.00097505669    0.20852661133 
   0.00099773243     0.2131652832 
    0.0010204082    0.21313476562 
    0.0010430839    0.20980834961 
    0.0010657596    0.20617675781 
    0.0010884354    0.20495605469 
    0.0011111111     0.2014465332 
    0.0011337868    0.19345092773 
    0.0011564626    0.18316650391 
    0.0011791383    0.16912841797 
    0.0012018141    0.14978027344 
    0.0012244898    0.13201904297 
    0.0012471655    0.12112426758 
    0.0012698413    0.11187744141 
     0.001292517   0.095825195312 
    0.0013151927   0.072845458984 
    0.0013378685   0.045806884766 
    0.0013605442   0.021057128906 
      0.00138322  0.0094604492188 
    0.0014058957   0.017181396484 
    0.0014285714   0.036804199219 
    0.0014512472   0.056518554688 
    0.0014739229   0.069183349609 
    0.0014965986   0.069213867188 
    0.0015192744   0.064636230469 
    0.0015419501   0.067810058594 
    0.0015646259   0.082153320312 
    0.0015873016   0.098541259766 
    0.0016099773    0.11206054688 
    0.0016326531    0.12094116211 
    0.0016553288    0.12442016602 
    0.0016780045    0.12634277344 
    0.0017006803    0.13455200195 
     0.001723356    0.14749145508 
    0.0017460317    0.15621948242 
    0.0017687075    0.15521240234 
    0.0017913832    0.14514160156 
     0.001814059    0.12911987305 
    0.0018367347    0.11654663086 
    0.0018594104    0.11117553711 
    0.0018820862    0.10696411133 
    0.0019047619   0.097900390625 
    0.0019274376   0.083709716797 
    0.0019501134   0.067932128906 
    0.0019727891   0.053863525391 
    0.0019954649     0.0478515625 
    0.0020181406   0.049835205078 
    0.0020408163   0.051635742188 
    0.0020634921   0.048645019531 
    0.0020861678   0.044097900391 
    0.0021088435    0.04345703125 
    0.0021315193   0.049072265625 
     0.002154195   0.060668945312 
    0.0021768707   0.074462890625 
    0.0021995465   0.084167480469 
    0.0022222222   0.089294433594 
     0.002244898   0.095855712891 
    0.0022675737    0.10943603516 
    0.0022902494    0.13186645508 
    0.0023129252    0.15853881836 
    0.0023356009    0.18292236328 
    0.0023582766    0.20291137695 
    0.0023809524    0.21948242188 
    0.0024036281    0.23648071289 
    0.0024263039    0.25302124023 
    0.0024489796    0.26904296875 
    0.0024716553     0.2848815918 
    0.0024943311    0.30004882812 
    0.0025170068    0.31451416016 
    0.0025396825    0.32598876953 
    0.0025623583    0.33297729492 
     0.002585034    0.33407592773 
    0.0026077098    0.33062744141 
    0.0026303855    0.32629394531 
    0.0026530612    0.31918334961 
     0.002675737    0.31024169922 
    0.0026984127    0.29840087891 
    0.0027210884    0.28356933594 
    0.0027437642    0.26226806641 
    0.0027664399    0.23678588867 
    0.0027891156    0.21179199219 
    0.0028117914    0.18444824219 
    0.0028344671    0.15850830078 
    0.0028571429    0.13247680664 
    0.0028798186    0.10272216797 
    0.0029024943   0.071197509766 
    0.0029251701   0.037567138672 
    0.0029478458  0.0028076171875 
    0.0029705215  -0.037994384766 
    0.0029931973  -0.078582763672 
     0.003015873   -0.10949707031 
    0.0030385488   -0.12261962891 
    0.0030612245   -0.12084960938 
    0.0030839002   -0.11779785156 
     0.003106576   -0.11654663086 
    0.0031292517   -0.11587524414 
    0.0031519274   -0.11618041992 
    0.0031746032   -0.11141967773 
    0.0031972789  -0.095550537109 
    0.0032199546  -0.072326660156 
    0.0032426304  -0.051208496094 
    0.0032653061  -0.032165527344 
    0.0032879819  -0.014526367188 
    0.0033106576  0.0049743652344 
    0.0033333333   0.025360107422 
    0.0033560091   0.044982910156 
    0.0033786848   0.062194824219 
    0.0034013605   0.072174072266 
    0.0034240363   0.071838378906 
     0.003446712   0.068267822266 
    0.0034693878   0.069854736328 
    0.0034920635   0.075561523438 
    0.0035147392   0.080871582031 
     0.003537415   0.081878662109 
    0.0035600907   0.079010009766 
    0.0035827664   0.072937011719 
    0.0036054422   0.063171386719 
    0.0036281179   0.053405761719 
    0.0036507937   0.043121337891 
    0.0036734694   0.025787353516 
    0.0036961451  0.0020141601562 
    0.0037188209  -0.025695800781 
    0.0037414966    -0.0498046875 
    0.0037641723    -0.0634765625 
    0.0037868481  -0.068481445312 
    0.0038095238  -0.078338623047 
    0.0038321995   -0.10067749023 
    0.0038548753   -0.13037109375 
     0.003877551   -0.15893554688 
    0.0039002268   -0.17666625977 
    0.0039229025   -0.17840576172 
    0.0039455782   -0.16903686523 
     0.003968254   -0.16278076172 
    0.0039909297     -0.166015625 
    0.0040136054   -0.17828369141 
    0.0040362812   -0.19073486328 
    0.0040589569   -0.19052124023 
    0.0040816327   -0.17901611328 
    0.0041043084   -0.16635131836 
    0.0041269841   -0.15313720703 
    0.0041496599   -0.13891601562 
    0.0041723356   -0.12484741211 
    0.0041950113   -0.11575317383 
    0.0042176871   -0.10552978516 
    0.0042403628  -0.086517333984 
    0.0042630385  -0.077453613281 
    0.0042857143  -0.074066162109 
      0.00430839  -0.072570800781 
    0.0043310658  -0.074981689453 
    0.0043537415  -0.071990966797 
    0.0043764172  -0.064697265625 
     0.004399093  -0.054748535156 
    0.0044217687  -0.050201416016 
    0.0044444444  -0.056915283203 
    0.0044671202  -0.064270019531 
    0.0044897959  -0.068511962891 
    0.0045124717  -0.070129394531 
    0.0045351474  -0.072906494141 
    0.0045578231  -0.079528808594 
    0.0045804989  -0.089294433594 
    0.0046031746   -0.10021972656 
    0.0046258503   -0.10656738281 
    0.0046485261   -0.10586547852 
    0.0046712018   -0.10214233398 
    0.0046938776   -0.10391235352 
    0.0047165533   -0.10968017578 
     0.004739229   -0.11575317383 
    0.0047619048   -0.11972045898 
    0.0047845805   -0.11813354492 
    0.0048072562   -0.10833740234 
     0.004829932  -0.093017578125 
    0.0048526077  -0.078735351562 
    0.0048752834  -0.071594238281 
    0.0048979592   -0.07177734375 
    0.0049206349  -0.069030761719 
    0.0049433107  -0.059417724609 
    0.0049659864  -0.048095703125 
    0.0049886621  -0.037261962891 
    0.0050113379  -0.029022216797 
    0.0050340136  -0.026123046875 
    0.0050566893  -0.028045654297 
    0.0050793651  -0.033569335938 
    0.0051020408  -0.039001464844 
    0.0051247166  -0.042907714844 
    0.0051473923  -0.051361083984 
     0.005170068  -0.066650390625 
    0.0051927438  -0.085052490234 
    0.0052154195   -0.10293579102 
    0.0052380952   -0.11663818359 
     0.005260771   -0.12802124023 
    0.0052834467   -0.13919067383 
    0.0053061224   -0.15313720703 
    0.0053287982    -0.1745300293 
    0.0053514739   -0.19967651367 
    0.0053741497   -0.21826171875 
    0.0053968254   -0.22854614258 
    0.0054195011   -0.23452758789 
    0.0054421769   -0.24145507812 
    0.0054648526   -0.24835205078 
    0.0054875283   -0.25469970703 
    0.0055102041   -0.25958251953 
    0.0055328798   -0.26165771484 
    0.0055555556      -0.26171875 
    0.0055782313   -0.26272583008 
     0.005600907   -0.26565551758 
    0.0056235828   -0.26971435547 
    0.0056462585   -0.27178955078 
    0.0056689342   -0.26715087891 
      0.00569161     -0.255859375 
    0.0057142857   -0.24273681641 
    0.0057369615   -0.22924804688 
    0.0057596372   -0.21560668945 
    0.0057823129     -0.205078125 
    0.0058049887   -0.19515991211 
    0.0058276644   -0.18344116211 
    0.0058503401   -0.17184448242 
    0.0058730159   -0.15582275391 
    0.0058956916   -0.13269042969 
    0.0059183673   -0.10586547852 
    0.0059410431  -0.081848144531 
    0.0059637188  -0.056396484375 
    0.0059863946  -0.027954101562 
