; Sample Rate 44100
; Channels 1
               0  -0.024871826172 
   2.2675737e-05  0.0015869140625 
   4.5351474e-05   0.031036376953 
   6.8027211e-05   0.061187744141 
   9.0702948e-05   0.088348388672 
   0.00011337868    0.10491943359 
   0.00013605442    0.11444091797 
   0.00015873016     0.1181640625 
    0.0001814059    0.11566162109 
   0.00020408163    0.11462402344 
   0.00022675737    0.11544799805 
   0.00024943311    0.11639404297 
   0.00027210884    0.11602783203 
   0.00029478458    0.11358642578 
   0.00031746032    0.10830688477 
   0.00034013605   0.098999023438 
   0.00036281179   0.085754394531 
   0.00038548753   0.065582275391 
   0.00040816327   0.037811279297 
     0.000430839  0.0077209472656 
   0.00045351474  -0.025543212891 
   0.00047619048  -0.061065673828 
   0.00049886621  -0.092803955078 
   0.00052154195   -0.11642456055 
   0.00054421769    -0.1279296875 
   0.00056689342   -0.12594604492 
   0.00058956916   -0.11392211914 
    0.0006122449  -0.094512939453 
   0.00063492063  -0.072479248047 
   0.00065759637  -0.052307128906 
   0.00068027211  -0.038360595703 
   0.00070294785  -0.028015136719 
   0.00072562358  -0.014190673828 
   0.00074829932  0.0015563964844 
   0.00077097506   0.019836425781 
   0.00079365079   0.038970947266 
   0.00081632653   0.057922363281 
   0.00083900227   0.078643798828 
     0.000861678    0.10369873047 
   0.00088435374    0.13198852539 
   0.00090702948    0.16137695312 
   0.00092970522    0.18658447266 
   0.00095238095    0.20495605469 
   0.00097505669     0.2151184082 
   0.00099773243    0.21713256836 
    0.0010204082    0.21292114258 
    0.0010430839    0.20614624023 
    0.0010657596    0.19845581055 
    0.0010884354    0.19079589844 
    0.0011111111    0.18173217773 
    0.0011337868    0.17623901367 
    0.0011564626    0.17489624023 
    0.0011791383    0.17337036133 
    0.0012018141    0.16802978516 
    0.0012244898    0.15423583984 
    0.0012471655        0.1328125 
    0.0012698413    0.11270141602 
     0.001292517   0.098571777344 
    0.0013151927   0.087249755859 
    0.0013378685   0.074432373047 
    0.0013605442   0.059204101562 
      0.00138322   0.042388916016 
    0.0014058957   0.028961181641 
    0.0014285714   0.028228759766 
    0.0014512472   0.043060302734 
    0.0014739229   0.065216064453 
    0.0014965986   0.082366943359 
    0.0015192744   0.088989257812 
    0.0015419501   0.086303710938 
    0.0015646259   0.080322265625 
    0.0015873016   0.082580566406 
    0.0016099773   0.092315673828 
    0.0016326531    0.10385131836 
    0.0016553288     0.1110534668 
    0.0016780045    0.11117553711 
    0.0017006803     0.1076965332 
     0.001723356    0.10726928711 
    0.0017460317    0.11700439453 
    0.0017687075    0.13128662109 
    0.0017913832    0.13998413086 
     0.001814059    0.13858032227 
    0.0018367347    0.12994384766 
    0.0018594104    0.11865234375 
    0.0018820862    0.10821533203 
    0.0019047619    0.10189819336 
    0.0019274376   0.095672607422 
    0.0019501134   0.085662841797 
    0.0019727891   0.072174072266 
    0.0019954649   0.058715820312 
    0.0020181406   0.048583984375 
    0.0020408163   0.043823242188 
    0.0020634921   0.043273925781 
    0.0020861678     0.0419921875 
    0.0021088435   0.038055419922 
    0.0021315193       0.03515625 
     0.002154195   0.040313720703 
    0.0021768707   0.052154541016 
    0.0021995465   0.067230224609 
    0.0022222222   0.083190917969 
     0.002244898   0.096649169922 
    0.0022675737    0.10952758789 
    0.0022902494    0.12536621094 
    0.0023129252    0.14691162109 
    0.0023356009    0.17098999023 
    0.0023582766    0.19357299805 
    0.0023809524    0.21463012695 
    0.0024036281    0.23190307617 
    0.0024263039    0.24710083008 
    0.0024489796    0.26327514648 
    0.0024716553    0.28024291992 
    0.0024943311    0.29544067383 
    0.0025170068    0.30883789062 
    0.0025396825    0.31991577148 
    0.0025623583    0.32580566406 
     0.002585034    0.32669067383 
    0.0026077098    0.32321166992 
    0.0026303855    0.31539916992 
    0.0026530612    0.30688476562 
     0.002675737    0.29824829102 
    0.0026984127    0.28881835938 
    0.0027210884    0.27883911133 
    0.0027437642    0.26553344727 
    0.0027664399    0.24783325195 
    0.0027891156     0.2239074707 
    0.0028117914    0.19442749023 
    0.0028344671    0.16091918945 
    0.0028571429    0.12365722656 
    0.0028798186    0.08349609375 
    0.0029024943   0.044464111328 
    0.0029251701  0.0084533691406 
    0.0029478458  -0.019744873047 
    0.0029705215  -0.039581298828 
    0.0029931973  -0.055969238281 
     0.003015873  -0.072052001953 
    0.0030385488  -0.089813232422 
    0.0030612245   -0.10708618164 
    0.0030839002   -0.12139892578 
     0.003106576   -0.13275146484 
    0.0031292517   -0.13970947266 
    0.0031519274   -0.14282226562 
    0.0031746032   -0.13854980469 
    0.0031972789   -0.12329101562 
    0.0032199546  -0.096893310547 
    0.0032426304   -0.06591796875 
    0.0032653061  -0.035400390625 
    0.0032879819  -0.0087585449219 
    0.0033106576   0.011291503906 
    0.0033333333   0.030334472656 
    0.0033560091   0.050231933594 
    0.0033786848   0.073272705078 
    0.0034013605   0.094360351562 
    0.0034240363    0.10708618164 
     0.003446712    0.10952758789 
    0.0034693878    0.10162353516 
    0.0034920635   0.091003417969 
    0.0035147392   0.083740234375 
     0.003537415     0.0771484375 
    0.0035600907   0.069305419922 
    0.0035827664   0.061981201172 
    0.0036054422     0.0537109375 
    0.0036281179   0.041870117188 
    0.0036507937   0.026641845703 
    0.0036734694   0.012237548828 
    0.0036961451  -0.0089721679688 
    0.0037188209  -0.037750244141 
    0.0037414966  -0.071044921875 
    0.0037641723   -0.10266113281 
    0.0037868481   -0.12384033203 
    0.0038095238   -0.13006591797 
    0.0038321995   -0.12469482422 
    0.0038548753    -0.1237487793 
     0.003877551   -0.13003540039 
    0.0039002268   -0.14361572266 
    0.0039229025   -0.16668701172 
    0.0039455782   -0.18832397461 
     0.003968254   -0.19522094727 
    0.0039909297   -0.19552612305 
    0.0040136054   -0.19888305664 
    0.0040362812   -0.20404052734 
    0.0040589569   -0.20755004883 
    0.0040816327   -0.20269775391 
    0.0041043084   -0.18609619141 
    0.0041269841   -0.15832519531 
    0.0041496599   -0.13317871094 
    0.0041723356   -0.11633300781 
    0.0041950113   -0.10632324219 
    0.0042176871   -0.10028076172 
    0.0042403628  -0.088409423828 
    0.0042630385  -0.066955566406 
    0.0042857143  -0.046997070312 
      0.00430839  -0.038818359375 
    0.0043310658  -0.041259765625 
    0.0043537415  -0.046112060547 
    0.0043764172    -0.0517578125 
     0.004399093  -0.057708740234 
    0.0044217687  -0.059173583984 
    0.0044444444  -0.059844970703 
    0.0044671202  -0.064971923828 
    0.0044897959    -0.0751953125 
    0.0045124717  -0.088714599609 
    0.0045351474  -0.099151611328 
    0.0045578231   -0.10620117188 
    0.0045804989   -0.11334228516 
    0.0046031746   -0.12158203125 
    0.0046258503   -0.12924194336 
    0.0046485261   -0.13278198242 
    0.0046712018   -0.13305664062 
    0.0046938776   -0.13189697266 
    0.0047165533   -0.12811279297 
     0.004739229   -0.12152099609 
    0.0047619048   -0.11514282227 
    0.0047845805   -0.11090087891 
    0.0048072562    -0.1057434082 
     0.004829932  -0.097015380859 
    0.0048526077  -0.085815429688 
    0.0048752834  -0.075103759766 
    0.0048979592  -0.067199707031 
    0.0049206349  -0.060852050781 
    0.0049433107  -0.053405761719 
    0.0049659864  -0.043518066406 
    0.0049886621  -0.035003662109 
    0.0050113379  -0.031280517578 
    0.0050340136  -0.029998779297 
    0.0050566893  -0.030853271484 
    0.0050793651  -0.036315917969 
    0.0051020408  -0.042877197266 
    0.0051247166  -0.049163818359 
    0.0051473923  -0.053161621094 
     0.005170068  -0.057556152344 
    0.0051927438  -0.069396972656 
    0.0052154195  -0.087127685547 
    0.0052380952   -0.10598754883 
     0.005260771   -0.12475585938 
    0.0052834467   -0.14331054688 
    0.0053061224   -0.16009521484 
    0.0053287982   -0.17639160156 
    0.0053514739    -0.1936340332 
    0.0053741497   -0.21154785156 
    0.0053968254   -0.22702026367 
    0.0054195011   -0.23983764648 
    0.0054421769   -0.25106811523 
    0.0054648526   -0.26086425781 
    0.0054875283   -0.27215576172 
    0.0055102041   -0.28305053711 
    0.0055328798   -0.28942871094 
    0.0055555556   -0.29238891602 
    0.0055782313   -0.29559326172 
     0.005600907   -0.29534912109 
    0.0056235828   -0.28973388672 
    0.0056462585   -0.28231811523 
    0.0056689342   -0.27786254883 
      0.00569161   -0.27206420898 
    0.0057142857    -0.2604675293 
    0.0057369615   -0.24749755859 
    0.0057596372   -0.23345947266 
    0.0057823129   -0.21630859375 
    0.0058049887   -0.19897460938 
    0.0058276644   -0.18188476562 
    0.0058503401   -0.16513061523 
    0.0058730159   -0.14758300781 
    0.0058956916   -0.12948608398 
    0.0059183673   -0.11108398438 
    0.0059410431  -0.092468261719 
    0.0059637188  -0.073089599609 
    0.0059863946  -0.050476074219 
    0.0060090703  -0.022674560547 
