; Sample Rate 44100
; Channels 1
               0  -0.021881103516 
   2.2675737e-05   0.020446777344 
   4.5351474e-05   0.062316894531 
   6.8027211e-05   0.095397949219 
   9.0702948e-05    0.11883544922 
   0.00011337868    0.13507080078 
   0.00013605442    0.14895629883 
   0.00015873016    0.16482543945 
    0.0001814059     0.1842956543 
   0.00020408163    0.20071411133 
   0.00022675737    0.20812988281 
   0.00024943311    0.20211791992 
   0.00027210884    0.18408203125 
   0.00029478458    0.15679931641 
   0.00031746032    0.12170410156 
   0.00034013605   0.079681396484 
   0.00036281179   0.037933349609 
   0.00038548753    0.00146484375 
   0.00040816327  -0.030944824219 
     0.000430839  -0.060424804688 
   0.00045351474  -0.089202880859 
   0.00047619048   -0.11233520508 
   0.00049886621   -0.12887573242 
   0.00052154195   -0.13845825195 
   0.00054421769   -0.13861083984 
   0.00056689342   -0.12969970703 
   0.00058956916       -0.1171875 
    0.0006122449   -0.10711669922 
   0.00063492063   -0.10437011719 
   0.00065759637   -0.10443115234 
   0.00068027211   -0.10327148438 
   0.00070294785  -0.092803955078 
   0.00072562358  -0.070373535156 
   0.00074829932  -0.041076660156 
   0.00077097506  -0.0069885253906 
   0.00079365079   0.027893066406 
   0.00081632653       0.05859375 
   0.00083900227   0.091552734375 
     0.000861678    0.12872314453 
   0.00088435374    0.16766357422 
   0.00090702948    0.20541381836 
   0.00092970522    0.23602294922 
   0.00095238095    0.25714111328 
   0.00097505669    0.26568603516 
   0.00099773243    0.26306152344 
    0.0010204082    0.25967407227 
    0.0010430839    0.25280761719 
    0.0010657596    0.24230957031 
    0.0010884354    0.23217773438 
    0.0011111111    0.22445678711 
    0.0011337868    0.21643066406 
    0.0011564626    0.20205688477 
    0.0011791383    0.18414306641 
    0.0012018141    0.16079711914 
    0.0012244898    0.12939453125 
    0.0012471655    0.10055541992 
    0.0012698413   0.084716796875 
     0.001292517   0.079345703125 
    0.0013151927   0.075347900391 
    0.0013378685   0.067565917969 
    0.0013605442   0.051513671875 
      0.00138322   0.030212402344 
    0.0014058957   0.017364501953 
    0.0014285714   0.022521972656 
    0.0014512472   0.040191650391 
    0.0014739229   0.057525634766 
    0.0014965986   0.064849853516 
    0.0015192744   0.055389404297 
    0.0015419501   0.036071777344 
    0.0015646259   0.027954101562 
    0.0015873016        0.0390625 
    0.0016099773   0.062561035156 
    0.0016326531   0.087463378906 
    0.0016553288    0.10595703125 
    0.0016780045    0.10931396484 
    0.0017006803    0.10424804688 
     0.001723356    0.10668945312 
    0.0017460317    0.12292480469 
    0.0017687075    0.14477539062 
    0.0017913832    0.16049194336 
     0.001814059    0.16314697266 
    0.0018367347    0.15267944336 
    0.0018594104    0.13696289062 
    0.0018820862    0.12600708008 
    0.0019047619    0.11880493164 
    0.0019274376    0.10980224609 
    0.0019501134   0.097290039062 
    0.0019727891   0.081390380859 
    0.0019954649   0.063079833984 
    0.0020181406   0.049468994141 
    0.0020408163   0.043548583984 
    0.0020634921    0.03857421875 
    0.0020861678   0.032379150391 
    0.0021088435   0.025970458984 
    0.0021315193   0.023345947266 
     0.002154195   0.029571533203 
    0.0021768707   0.042846679688 
    0.0021995465   0.059997558594 
    0.0022222222   0.077026367188 
     0.002244898   0.092132568359 
    0.0022675737    0.10906982422 
    0.0022902494    0.13272094727 
    0.0023129252    0.16213989258 
    0.0023356009     0.1950378418 
    0.0023582766    0.22546386719 
    0.0023809524    0.25057983398 
    0.0024036281    0.27127075195 
    0.0024263039    0.28942871094 
    0.0024489796    0.30712890625 
    0.0024716553    0.32415771484 
    0.0024943311    0.33999633789 
    0.0025170068    0.35147094727 
    0.0025396825    0.35797119141 
    0.0025623583    0.35818481445 
     0.002585034    0.35375976562 
    0.0026077098    0.34973144531 
    0.0026303855    0.34976196289 
    0.0026530612    0.35299682617 
     0.002675737    0.35928344727 
    0.0026984127    0.35772705078 
    0.0027210884    0.34469604492 
    0.0027437642    0.31832885742 
    0.0027664399     0.2785949707 
    0.0027891156    0.23364257812 
    0.0028117914    0.18814086914 
    0.0028344671    0.14312744141 
    0.0028571429   0.099243164062 
    0.0028798186   0.054931640625 
    0.0029024943   0.012969970703 
    0.0029251701  -0.025726318359 
    0.0029478458  -0.062255859375 
    0.0029705215  -0.096984863281 
    0.0029931973   -0.12759399414 
     0.003015873   -0.15484619141 
    0.0030385488   -0.17672729492 
    0.0030612245   -0.19100952148 
    0.0030839002   -0.19338989258 
     0.003106576    -0.1865234375 
    0.0031292517   -0.18023681641 
    0.0031519274   -0.17385864258 
    0.0031746032   -0.15905761719 
    0.0031972789    -0.1315612793 
    0.0032199546  -0.093475341797 
    0.0032426304  -0.052795410156 
    0.0032653061  -0.017028808594 
    0.0032879819   0.012512207031 
    0.0033106576   0.034332275391 
    0.0033333333    0.05810546875 
    0.0033560091   0.085418701172 
    0.0033786848    0.10971069336 
    0.0034013605    0.13125610352 
    0.0034240363    0.14242553711 
     0.003446712    0.13766479492 
    0.0034693878    0.12530517578 
    0.0034920635    0.11557006836 
    0.0035147392    0.11215209961 
     0.003537415     0.1103515625 
    0.0035600907    0.10110473633 
    0.0035827664   0.083251953125 
    0.0036054422   0.061676025391 
    0.0036281179   0.046539306641 
    0.0036507937   0.027679443359 
    0.0036734694  -0.0020141601562 
    0.0036961451  -0.035369873047 
    0.0037188209  -0.070861816406 
    0.0037414966    -0.1083984375 
    0.0037641723   -0.13327026367 
    0.0037868481   -0.14102172852 
    0.0038095238   -0.14157104492 
    0.0038321995   -0.15057373047 
    0.0038548753   -0.16860961914 
     0.003877551   -0.19522094727 
    0.0039002268   -0.22174072266 
    0.0039229025   -0.23379516602 
    0.0039455782   -0.23452758789 
     0.003968254   -0.23089599609 
    0.0039909297   -0.23318481445 
    0.0040136054   -0.24047851562 
    0.0040362812   -0.23608398438 
    0.0040589569   -0.22134399414 
    0.0040816327   -0.18814086914 
    0.0041043084   -0.15115356445 
    0.0041269841   -0.12762451172 
    0.0041496599   -0.11434936523 
    0.0041723356    -0.1057434082 
    0.0041950113  -0.099243164062 
    0.0042176871  -0.091125488281 
    0.0042403628   -0.07470703125 
    0.0042630385  -0.056213378906 
    0.0042857143  -0.051452636719 
      0.00430839  -0.049072265625 
    0.0043310658  -0.047302246094 
    0.0043537415  -0.048034667969 
    0.0043764172     -0.044921875 
     0.004399093  -0.042816162109 
    0.0044217687  -0.044219970703 
    0.0044444444  -0.052307128906 
    0.0044671202  -0.069274902344 
    0.0044897959  -0.085479736328 
    0.0045124717  -0.096954345703 
    0.0045351474   -0.10733032227 
    0.0045578231   -0.11987304688 
    0.0045804989   -0.13021850586 
    0.0046031746   -0.13934326172 
    0.0046258503    -0.1477355957 
    0.0046485261   -0.15280151367 
    0.0046712018   -0.15533447266 
    0.0046938776   -0.14971923828 
    0.0047165533   -0.14071655273 
     0.004739229   -0.13137817383 
    0.0047619048   -0.12020874023 
    0.0047845805   -0.10815429688 
    0.0048072562  -0.097412109375 
     0.004829932  -0.087677001953 
    0.0048526077  -0.076049804688 
    0.0048752834  -0.060455322266 
    0.0048979592  -0.044952392578 
    0.0049206349  -0.033752441406 
    0.0049433107  -0.025024414062 
    0.0049659864  -0.019439697266 
    0.0049886621  -0.017272949219 
    0.0050113379  -0.018890380859 
    0.0050340136  -0.023223876953 
    0.0050566893  -0.027862548828 
    0.0050793651  -0.032958984375 
    0.0051020408     -0.037109375 
    0.0051247166  -0.043701171875 
    0.0051473923       -0.0546875 
     0.005170068  -0.069580078125 
    0.0051927438  -0.089599609375 
    0.0052154195   -0.11087036133 
    0.0052380952   -0.13146972656 
     0.005260771   -0.15301513672 
    0.0052834467   -0.17141723633 
    0.0053061224   -0.18823242188 
    0.0053287982   -0.20648193359 
    0.0053514739   -0.22650146484 
    0.0053741497    -0.2477722168 
    0.0053968254   -0.26501464844 
    0.0054195011   -0.27578735352 
    0.0054421769   -0.28240966797 
    0.0054648526   -0.28890991211 
    0.0054875283   -0.29553222656 
    0.0055102041    -0.3017578125 
    0.0055328798   -0.30752563477 
    0.0055555556   -0.31015014648 
    0.0055782313   -0.30908203125 
     0.005600907   -0.30416870117 
    0.0056235828   -0.29992675781 
    0.0056462585   -0.29830932617 
    0.0056689342   -0.29846191406 
      0.00569161   -0.29666137695 
    0.0057142857   -0.28942871094 
    0.0057369615   -0.27749633789 
    0.0057596372   -0.26370239258 
    0.0057823129   -0.24914550781 
    0.0058049887   -0.23941040039 
    0.0058276644   -0.23434448242 
    0.0058503401    -0.2282409668 
    0.0058730159   -0.21569824219 
    0.0058956916   -0.19396972656 
    0.0059183673   -0.16268920898 
    0.0059410431   -0.13165283203 
    0.0059637188   -0.10189819336 
    0.0059863946  -0.071044921875 
    0.0060090703  -0.037506103516 
