; Sample Rate 44100
; Channels 1
               0  -0.032257080078 
   2.2675737e-05   0.011627197266 
   4.5351474e-05   0.049530029297 
   6.8027211e-05   0.083282470703 
   9.0702948e-05    0.11187744141 
   0.00011337868    0.13439941406 
   0.00013605442    0.15911865234 
   0.00015873016    0.18530273438 
    0.0001814059    0.21087646484 
   0.00020408163    0.23092651367 
   0.00022675737    0.24291992188 
   0.00024943311    0.24133300781 
   0.00027210884    0.22442626953 
   0.00029478458    0.19876098633 
   0.00031746032    0.17047119141 
   0.00034013605    0.13421630859 
   0.00036281179   0.088104248047 
   0.00038548753   0.037933349609 
   0.00040816327  -0.011505126953 
     0.000430839  -0.057373046875 
   0.00045351474  -0.094635009766 
   0.00047619048   -0.12319946289 
   0.00049886621   -0.14477539062 
   0.00052154195   -0.16442871094 
   0.00054421769   -0.17520141602 
   0.00056689342   -0.17092895508 
   0.00058956916   -0.15731811523 
    0.0006122449   -0.14129638672 
   0.00063492063   -0.12823486328 
   0.00065759637   -0.12512207031 
   0.00068027211   -0.12622070312 
   0.00070294785   -0.12268066406 
   0.00072562358   -0.10620117188 
   0.00074829932  -0.076080322266 
   0.00077097506  -0.036773681641 
   0.00079365079  0.0042724609375 
   0.00081632653   0.043823242188 
   0.00083900227   0.084625244141 
     0.000861678    0.13031005859 
   0.00088435374    0.17758178711 
   0.00090702948    0.22360229492 
   0.00092970522    0.26162719727 
   0.00095238095    0.28649902344 
   0.00097505669    0.29635620117 
   0.00099773243    0.29711914062 
    0.0010204082    0.29568481445 
    0.0010430839    0.29138183594 
    0.0010657596    0.28558349609 
    0.0010884354    0.27697753906 
    0.0011111111    0.26422119141 
    0.0011337868    0.25045776367 
    0.0011564626    0.23498535156 
    0.0011791383    0.21295166016 
    0.0012018141    0.18408203125 
    0.0012244898    0.15130615234 
    0.0012471655    0.11871337891 
    0.0012698413   0.093292236328 
     0.001292517   0.078552246094 
    0.0013151927    0.06787109375 
    0.0013378685   0.052764892578 
    0.0013605442   0.032043457031 
      0.00138322   0.010620117188 
    0.0014058957  -0.0041198730469 
    0.0014285714  -0.0040283203125 
    0.0014512472    0.01416015625 
    0.0014739229   0.036041259766 
    0.0014965986   0.046691894531 
    0.0015192744   0.044738769531 
    0.0015419501   0.034637451172 
    0.0015646259   0.026458740234 
    0.0015873016   0.034698486328 
    0.0016099773   0.059906005859 
    0.0016326531   0.086547851562 
    0.0016553288    0.10311889648 
    0.0016780045    0.10702514648 
    0.0017006803    0.10626220703 
     0.001723356    0.11090087891 
    0.0017460317    0.12725830078 
    0.0017687075    0.15252685547 
    0.0017913832    0.17327880859 
     0.001814059    0.17837524414 
    0.0018367347    0.16998291016 
    0.0018594104    0.15438842773 
    0.0018820862    0.13995361328 
    0.0019047619     0.1335144043 
    0.0019274376    0.12924194336 
    0.0019501134    0.11773681641 
    0.0019727891    0.10073852539 
    0.0019954649   0.082946777344 
    0.0020181406   0.066284179688 
    0.0020408163   0.054748535156 
    0.0020634921   0.050476074219 
    0.0020861678   0.046966552734 
    0.0021088435        0.0390625 
    0.0021315193   0.031066894531 
     0.002154195   0.028625488281 
    0.0021768707   0.031951904297 
    0.0021995465   0.041259765625 
    0.0022222222   0.055816650391 
     0.002244898   0.068817138672 
    0.0022675737   0.080902099609 
    0.0022902494   0.099761962891 
    0.0023129252    0.12686157227 
    0.0023356009    0.15869140625 
    0.0023582766    0.19296264648 
    0.0023809524    0.22640991211 
    0.0024036281    0.25329589844 
    0.0024263039    0.27514648438 
    0.0024489796    0.29669189453 
    0.0024716553    0.31771850586 
    0.0024943311    0.33825683594 
    0.0025170068    0.35888671875 
    0.0025396825    0.37338256836 
    0.0025623583    0.37991333008 
     0.002585034      0.380859375 
    0.0026077098    0.37921142578 
    0.0026303855    0.37789916992 
    0.0026530612    0.37976074219 
     0.002675737    0.38385009766 
    0.0026984127    0.38247680664 
    0.0027210884    0.37203979492 
    0.0027437642    0.35043334961 
    0.0027664399    0.31600952148 
    0.0027891156    0.27560424805 
    0.0028117914    0.23422241211 
    0.0028344671    0.18942260742 
    0.0028571429    0.13925170898 
    0.0028798186   0.090606689453 
    0.0029024943   0.046264648438 
    0.0029251701  0.0052795410156 
    0.0029478458  -0.024963378906 
    0.0029705215  -0.053833007812 
    0.0029931973  -0.085205078125 
     0.003015873   -0.11581420898 
    0.0030385488   -0.14352416992 
    0.0030612245   -0.16473388672 
    0.0030839002   -0.18310546875 
     0.003106576   -0.19256591797 
    0.0031292517   -0.19647216797 
    0.0031519274   -0.20101928711 
    0.0031746032   -0.19860839844 
    0.0031972789   -0.18475341797 
    0.0032199546   -0.15606689453 
    0.0032426304   -0.11706542969 
    0.0032653061  -0.070770263672 
    0.0032879819  -0.024444580078 
    0.0033106576   0.011169433594 
    0.0033333333      0.041015625 
    0.0033560091   0.070587158203 
    0.0033786848   0.098052978516 
    0.0034013605    0.12530517578 
    0.0034240363    0.15026855469 
     0.003446712    0.16311645508 
    0.0034693878    0.16525268555 
    0.0034920635    0.16485595703 
    0.0035147392     0.1662902832 
     0.003537415    0.16732788086 
    0.0035600907    0.16360473633 
    0.0035827664    0.14547729492 
    0.0036054422    0.11074829102 
    0.0036281179   0.075012207031 
    0.0036507937   0.040863037109 
    0.0036734694   0.011474609375 
    0.0036961451  -0.014221191406 
    0.0037188209  -0.043609619141 
    0.0037414966  -0.071533203125 
    0.0037641723  -0.096374511719 
    0.0037868481   -0.11630249023 
    0.0038095238    -0.1266784668 
    0.0038321995   -0.13818359375 
    0.0038548753   -0.15451049805 
     0.003877551   -0.18374633789 
    0.0039002268   -0.21752929688 
    0.0039229025   -0.24203491211 
    0.0039455782   -0.25885009766 
     0.003968254   -0.26571655273 
    0.0039909297   -0.26831054688 
    0.0040136054     -0.271484375 
    0.0040362812   -0.26718139648 
    0.0040589569    -0.2610168457 
    0.0040816327   -0.24844360352 
    0.0041043084   -0.21783447266 
    0.0041269841   -0.17721557617 
    0.0041496599   -0.13613891602 
    0.0041723356   -0.10961914062 
    0.0041950113  -0.097869873047 
    0.0042176871  -0.081695556641 
    0.0042403628  -0.057830810547 
    0.0042630385  -0.032684326172 
    0.0042857143  -0.012054443359 
      0.00430839  -0.0023193359375 
    0.0043310658  0.0010986328125 
    0.0043537415  -0.0026550292969 
    0.0043764172  -0.0078735351562 
     0.004399093    -0.0068359375 
    0.0044217687  -0.0071716308594 
    0.0044444444  -0.017852783203 
    0.0044671202  -0.040863037109 
    0.0044897959  -0.065246582031 
    0.0045124717  -0.089019775391 
    0.0045351474   -0.11047363281 
    0.0045578231   -0.12533569336 
    0.0045804989   -0.13653564453 
    0.0046031746   -0.14651489258 
    0.0046258503   -0.15551757812 
    0.0046485261   -0.16317749023 
    0.0046712018   -0.16650390625 
    0.0046938776   -0.16345214844 
    0.0047165533   -0.15725708008 
     0.004739229   -0.14999389648 
    0.0047619048   -0.14364624023 
    0.0047845805   -0.13400268555 
    0.0048072562   -0.11810302734 
     0.004829932   -0.10333251953 
    0.0048526077  -0.088623046875 
    0.0048752834  -0.073944091797 
    0.0048979592  -0.061248779297 
    0.0049206349  -0.051452636719 
    0.0049433107  -0.042175292969 
    0.0049659864  -0.035919189453 
    0.0049886621  -0.031677246094 
    0.0050113379  -0.022064208984 
    0.0050340136  -0.015045166016 
    0.0050566893  -0.014617919922 
    0.0050793651  -0.014404296875 
    0.0051020408  -0.010833740234 
    0.0051247166  -0.0085754394531 
    0.0051473923  -0.0098571777344 
     0.005170068  -0.020538330078 
    0.0051927438  -0.040252685547 
    0.0052154195  -0.066070556641 
    0.0052380952  -0.093017578125 
     0.005260771   -0.11459350586 
    0.0052834467   -0.13104248047 
    0.0053061224   -0.15032958984 
    0.0053287982   -0.17959594727 
    0.0053514739   -0.21588134766 
    0.0053741497    -0.2467956543 
    0.0053968254   -0.26696777344 
    0.0054195011   -0.27981567383 
    0.0054421769   -0.29025268555 
    0.0054648526   -0.29901123047 
    0.0054875283   -0.30856323242 
    0.0055102041   -0.31896972656 
    0.0055328798   -0.32824707031 
    0.0055555556    -0.3337097168 
    0.0055782313   -0.33261108398 
     0.005600907   -0.32730102539 
    0.0056235828   -0.32446289062 
    0.0056462585   -0.32260131836 
    0.0056689342   -0.31842041016 
      0.00569161   -0.31329345703 
    0.0057142857   -0.30258178711 
    0.0057369615   -0.28869628906 
    0.0057596372   -0.27709960938 
    0.0057823129   -0.26794433594 
    0.0058049887   -0.25704956055 
    0.0058276644   -0.24230957031 
    0.0058503401   -0.22647094727 
    0.0058730159   -0.20712280273 
    0.0058956916   -0.18557739258 
    0.0059183673   -0.16070556641 
    0.0059410431   -0.13128662109 
    0.0059637188   -0.10040283203 
    0.0059863946  -0.065246582031 
    0.0060090703  -0.030487060547 
