; Sample Rate 44100
; Channels 1
               0  -0.015869140625 
   2.2675737e-05   0.013244628906 
   4.5351474e-05   0.040405273438 
   6.8027211e-05   0.064361572266 
   9.0702948e-05   0.082275390625 
   0.00011337868   0.093597412109 
   0.00013605442    0.10333251953 
   0.00015873016    0.11514282227 
    0.0001814059    0.12469482422 
   0.00020408163    0.12844848633 
   0.00022675737    0.12954711914 
   0.00024943311    0.12594604492 
   0.00027210884    0.12127685547 
   0.00029478458    0.11697387695 
   0.00031746032    0.11135864258 
   0.00034013605   0.098358154297 
   0.00036281179   0.075378417969 
   0.00038548753   0.045379638672 
   0.00040816327    0.01025390625 
     0.000430839  -0.026184082031 
   0.00045351474  -0.057220458984 
   0.00047619048  -0.082275390625 
   0.00049886621   -0.10250854492 
   0.00052154195   -0.11734008789 
   0.00054421769   -0.12310791016 
   0.00056689342   -0.11502075195 
   0.00058956916  -0.096282958984 
    0.0006122449  -0.073944091797 
   0.00063492063  -0.052978515625 
   0.00065759637  -0.038543701172 
   0.00068027211  -0.029510498047 
   0.00070294785  -0.021545410156 
   0.00072562358     -0.009765625 
   0.00074829932  0.0074768066406 
   0.00077097506    0.02587890625 
   0.00079365079   0.046661376953 
   0.00081632653   0.069610595703 
   0.00083900227   0.093078613281 
     0.000861678    0.12005615234 
   0.00088435374    0.14743041992 
   0.00090702948    0.16833496094 
   0.00092970522    0.18173217773 
   0.00095238095    0.18878173828 
   0.00097505669    0.19348144531 
   0.00099773243    0.19735717773 
    0.0010204082    0.19943237305 
    0.0010430839    0.20230102539 
    0.0010657596    0.20126342773 
    0.0010884354    0.19583129883 
    0.0011111111    0.19180297852 
    0.0011337868    0.19195556641 
    0.0011564626     0.1916809082 
    0.0011791383    0.18740844727 
    0.0012018141    0.17465209961 
    0.0012244898    0.15133666992 
    0.0012471655    0.12567138672 
    0.0012698413    0.10711669922 
     0.001292517   0.095001220703 
    0.0013151927   0.082641601562 
    0.0013378685   0.068084716797 
    0.0013605442   0.050750732422 
      0.00138322   0.031982421875 
    0.0014058957   0.023162841797 
    0.0014285714   0.033416748047 
    0.0014512472   0.052886962891 
    0.0014739229    0.06689453125 
    0.0014965986   0.072601318359 
    0.0015192744   0.073028564453 
    0.0015419501   0.072174072266 
    0.0015646259   0.078430175781 
    0.0015873016   0.094879150391 
    0.0016099773    0.11227416992 
    0.0016326531    0.12319946289 
    0.0016553288     0.1259765625 
    0.0016780045    0.12265014648 
    0.0017006803    0.12118530273 
     0.001723356    0.12774658203 
    0.0017460317    0.13891601562 
    0.0017687075    0.14266967773 
    0.0017913832    0.13494873047 
     0.001814059    0.12139892578 
    0.0018367347    0.10641479492 
    0.0018594104   0.096435546875 
    0.0018820862   0.094848632812 
    0.0019047619   0.094116210938 
    0.0019274376   0.087219238281 
    0.0019501134   0.073486328125 
    0.0019727891   0.058410644531 
    0.0019954649   0.047698974609 
    0.0020181406   0.045288085938 
    0.0020408163   0.047424316406 
    0.0020634921   0.048553466797 
    0.0020861678   0.048461914062 
    0.0021088435   0.048278808594 
    0.0021315193   0.051971435547 
     0.002154195   0.061187744141 
    0.0021768707   0.074859619141 
    0.0021995465   0.086975097656 
    0.0022222222   0.095672607422 
     0.002244898    0.10437011719 
    0.0022675737     0.1149597168 
    0.0022902494    0.13034057617 
    0.0023129252    0.14959716797 
    0.0023356009    0.17025756836 
    0.0023582766    0.18862915039 
    0.0023809524    0.20449829102 
    0.0024036281    0.22161865234 
    0.0024263039    0.24264526367 
    0.0024489796    0.26412963867 
    0.0024716553    0.28341674805 
    0.0024943311    0.29995727539 
    0.0025170068     0.3127746582 
    0.0025396825    0.32214355469 
    0.0025623583    0.32949829102 
     0.002585034    0.33233642578 
    0.0026077098    0.33239746094 
    0.0026303855    0.32934570312 
    0.0026530612    0.32247924805 
     0.002675737    0.31030273438 
    0.0026984127    0.29315185547 
    0.0027210884    0.27212524414 
    0.0027437642    0.24740600586 
    0.0027664399    0.22412109375 
    0.0027891156    0.20309448242 
    0.0028117914    0.18133544922 
    0.0028344671    0.15646362305 
    0.0028571429    0.12359619141 
    0.0028798186   0.078643798828 
    0.0029024943   0.029022216797 
    0.0029251701  -0.013336181641 
    0.0029478458  -0.045806884766 
    0.0029705215  -0.070220947266 
    0.0029931973  -0.084594726562 
     0.003015873  -0.088165283203 
    0.0030385488  -0.090057373047 
    0.0030612245  -0.096466064453 
    0.0030839002  -0.099365234375 
     0.003106576  -0.097778320312 
    0.0031292517  -0.096923828125 
    0.0031519274  -0.098022460938 
    0.0031746032  -0.095336914062 
    0.0031972789    -0.0810546875 
    0.0032199546  -0.059722900391 
    0.0032426304  -0.037475585938 
    0.0032653061  -0.023529052734 
    0.0032879819  -0.014892578125 
    0.0033106576  -0.0027465820312 
    0.0033333333   0.012481689453 
    0.0033560091   0.028472900391 
    0.0033786848   0.048065185547 
    0.0034013605   0.063934326172 
    0.0034240363   0.070831298828 
     0.003446712   0.071075439453 
    0.0034693878   0.068176269531 
    0.0034920635   0.068878173828 
    0.0035147392     0.0732421875 
     0.003537415   0.075347900391 
    0.0035600907   0.076568603516 
    0.0035827664   0.072326660156 
    0.0036054422   0.059783935547 
    0.0036281179   0.045715332031 
    0.0036507937   0.035308837891 
    0.0036734694   0.025543212891 
    0.0036961451   0.012359619141 
    0.0037188209  -0.0071105957031 
    0.0037414966  -0.031066894531 
    0.0037641723   -0.06201171875 
    0.0037868481  -0.094085693359 
    0.0038095238   -0.12203979492 
    0.0038321995   -0.14343261719 
    0.0038548753   -0.15805053711 
     0.003877551   -0.16223144531 
    0.0039002268   -0.16159057617 
    0.0039229025   -0.16650390625 
    0.0039455782   -0.17514038086 
     0.003968254   -0.18316650391 
    0.0039909297   -0.18869018555 
    0.0040136054   -0.18649291992 
    0.0040362812   -0.18508911133 
    0.0040589569   -0.18295288086 
    0.0040816327   -0.16592407227 
    0.0041043084   -0.14450073242 
    0.0041269841   -0.12969970703 
    0.0041496599   -0.12329101562 
    0.0041723356   -0.11944580078 
    0.0041950113    -0.1042175293 
    0.0042176871  -0.087799072266 
    0.0042403628  -0.077117919922 
    0.0042630385  -0.072967529297 
    0.0042857143  -0.075164794922 
      0.00430839  -0.075103759766 
    0.0043310658  -0.075927734375 
    0.0043537415  -0.081359863281 
    0.0043764172  -0.080780029297 
     0.004399093  -0.077941894531 
    0.0044217687  -0.076202392578 
    0.0044444444  -0.076477050781 
    0.0044671202  -0.077270507812 
    0.0044897959  -0.073608398438 
    0.0045124717   -0.06884765625 
    0.0045351474  -0.070129394531 
    0.0045578231  -0.072937011719 
    0.0045804989  -0.072357177734 
    0.0046031746  -0.079620361328 
    0.0046258503  -0.091217041016 
    0.0046485261   -0.10250854492 
    0.0046712018   -0.11352539062 
    0.0046938776   -0.12121582031 
    0.0047165533   -0.12826538086 
     0.004739229   -0.13040161133 
    0.0047619048   -0.12536621094 
    0.0047845805   -0.11660766602 
    0.0048072562   -0.11019897461 
     0.004829932   -0.10848999023 
    0.0048526077   -0.10339355469 
    0.0048752834  -0.093536376953 
    0.0048979592  -0.079437255859 
    0.0049206349  -0.064086914062 
    0.0049433107  -0.050201416016 
    0.0049659864  -0.037170410156 
    0.0049886621   -0.02783203125 
    0.0050113379       -0.0234375 
    0.0050340136  -0.021026611328 
    0.0050566893  -0.017517089844 
    0.0050793651  -0.017700195312 
    0.0051020408  -0.022705078125 
    0.0051247166  -0.035339355469 
    0.0051473923  -0.053375244141 
     0.005170068  -0.074493408203 
    0.0051927438  -0.094665527344 
    0.0052154195   -0.11053466797 
    0.0052380952   -0.12438964844 
     0.005260771   -0.13662719727 
    0.0052834467   -0.14947509766 
    0.0053061224   -0.16979980469 
    0.0053287982   -0.18853759766 
    0.0053514739   -0.20031738281 
    0.0053741497   -0.21020507812 
    0.0053968254   -0.22131347656 
    0.0054195011   -0.23001098633 
    0.0054421769    -0.2360534668 
    0.0054648526   -0.24475097656 
    0.0054875283   -0.25497436523 
    0.0055102041   -0.26467895508 
    0.0055328798    -0.2731628418 
    0.0055555556   -0.27825927734 
    0.0055782313   -0.27941894531 
     0.005600907   -0.27905273438 
    0.0056235828    -0.2776184082 
    0.0056462585   -0.27307128906 
    0.0056689342   -0.26712036133 
      0.00569161   -0.26058959961 
    0.0057142857   -0.25311279297 
    0.0057369615   -0.24340820312 
    0.0057596372   -0.22961425781 
    0.0057823129   -0.21572875977 
    0.0058049887   -0.19845581055 
    0.0058276644   -0.17681884766 
    0.0058503401   -0.15365600586 
    0.0058730159   -0.13195800781 
    0.0058956916   -0.11267089844 
    0.0059183673  -0.092987060547 
    0.0059410431  -0.074066162109 
    0.0059637188   -0.05126953125 
