; Sample Rate 44100
; Channels 1
               0  0.0044250488281 
   2.2675737e-05   0.046264648438 
   4.5351474e-05   0.087432861328 
   6.8027211e-05    0.12445068359 
   9.0702948e-05    0.15090942383 
   0.00011337868     0.1701965332 
   0.00013605442    0.19055175781 
   0.00015873016     0.2135925293 
    0.0001814059     0.2356262207 
   0.00020408163     0.2497253418 
   0.00022675737    0.25067138672 
   0.00024943311    0.23608398438 
   0.00027210884      0.205078125 
   0.00029478458    0.16159057617 
   0.00031746032    0.10955810547 
   0.00034013605   0.053344726562 
   0.00036281179  0.0019226074219 
   0.00038548753  -0.045196533203 
   0.00040816327   -0.08349609375 
     0.000430839   -0.11178588867 
   0.00045351474   -0.13323974609 
   0.00047619048    -0.1487121582 
   0.00049886621   -0.15844726562 
   0.00052154195   -0.15841674805 
   0.00054421769   -0.14785766602 
   0.00056689342   -0.13177490234 
   0.00058956916   -0.11846923828 
    0.0006122449   -0.11553955078 
   0.00063492063    -0.1213684082 
   0.00065759637   -0.12777709961 
   0.00068027211   -0.12445068359 
   0.00070294785   -0.10488891602 
   0.00072562358  -0.070037841797 
   0.00074829932  -0.030670166016 
   0.00077097506        0.0078125 
   0.00079365079   0.044494628906 
   0.00081632653   0.082550048828 
   0.00083900227    0.12579345703 
     0.000861678    0.17303466797 
   0.00088435374    0.21841430664 
   0.00090702948    0.25302124023 
   0.00092970522    0.27233886719 
   0.00095238095    0.28131103516 
   0.00097505669     0.2854309082 
   0.00099773243      0.287109375 
    0.0010204082    0.28598022461 
    0.0010430839    0.28366088867 
    0.0010657596    0.27667236328 
    0.0010884354    0.26315307617 
    0.0011111111    0.24862670898 
    0.0011337868    0.23202514648 
    0.0011564626    0.20843505859 
    0.0011791383    0.17639160156 
    0.0012018141    0.13922119141 
    0.0012244898    0.10382080078 
    0.0012471655   0.077026367188 
    0.0012698413   0.066436767578 
     0.001292517   0.066741943359 
    0.0013151927   0.064575195312 
    0.0013378685   0.049926757812 
    0.0013605442    0.02587890625 
      0.00138322  0.0064697265625 
    0.0014058957  0.0042724609375 
    0.0014285714   0.022155761719 
    0.0014512472   0.044891357422 
    0.0014739229   0.054107666016 
    0.0014965986   0.047088623047 
    0.0015192744     0.0302734375 
    0.0015419501   0.017700195312 
    0.0015646259   0.024475097656 
    0.0015873016   0.052032470703 
    0.0016099773   0.086883544922 
    0.0016326531    0.11090087891 
    0.0016553288    0.11447143555 
    0.0016780045    0.10778808594 
    0.0017006803    0.10754394531 
     0.001723356    0.12054443359 
    0.0017460317    0.14376831055 
    0.0017687075     0.1643371582 
    0.0017913832    0.17095947266 
     0.001814059    0.16287231445 
    0.0018367347    0.14535522461 
    0.0018594104    0.13067626953 
    0.0018820862    0.12393188477 
    0.0019047619    0.12051391602 
    0.0019274376    0.11282348633 
    0.0019501134   0.096771240234 
    0.0019727891   0.076599121094 
    0.0019954649    0.05810546875 
    0.0020181406         0.046875 
    0.0020408163   0.041137695312 
    0.0020634921    0.03662109375 
    0.0020861678   0.031646728516 
    0.0021088435   0.028503417969 
    0.0021315193   0.030670166016 
     0.002154195   0.038848876953 
    0.0021768707   0.053375244141 
    0.0021995465   0.068756103516 
    0.0022222222   0.080902099609 
     0.002244898   0.094421386719 
    0.0022675737    0.11172485352 
    0.0022902494    0.13598632812 
    0.0023129252    0.16738891602 
    0.0023356009    0.20272827148 
    0.0023582766    0.23504638672 
    0.0023809524    0.26107788086 
    0.0024036281    0.28341674805 
    0.0024263039     0.3024597168 
    0.0024489796    0.32034301758 
    0.0024716553     0.3395690918 
    0.0024943311    0.35797119141 
    0.0025170068    0.37142944336 
    0.0025396825    0.37887573242 
    0.0025623583    0.37957763672 
     0.002585034    0.37664794922 
    0.0026077098    0.37359619141 
    0.0026303855    0.37295532227 
    0.0026530612    0.37261962891 
     0.002675737    0.36654663086 
    0.0026984127    0.35400390625 
    0.0027210884       0.33203125 
    0.0027437642    0.30117797852 
    0.0027664399    0.26614379883 
    0.0027891156    0.22555541992 
    0.0028117914    0.18054199219 
    0.0028344671    0.12948608398 
    0.0028571429   0.076599121094 
    0.0028798186   0.024444580078 
    0.0029024943  -0.021697998047 
    0.0029251701  -0.054901123047 
    0.0029478458  -0.079833984375 
    0.0029705215   -0.10299682617 
    0.0029931973   -0.12905883789 
     0.003015873   -0.15588378906 
    0.0030385488   -0.17422485352 
    0.0030612245   -0.18518066406 
    0.0030839002   -0.18692016602 
     0.003106576   -0.18563842773 
    0.0031292517   -0.18756103516 
    0.0031519274   -0.18844604492 
    0.0031746032   -0.17782592773 
    0.0031972789   -0.14801025391 
    0.0032199546    -0.1081237793 
    0.0032426304    -0.0595703125 
    0.0032653061  -0.019439697266 
    0.0032879819   0.012847900391 
    0.0033106576   0.048126220703 
    0.0033333333   0.080291748047 
    0.0033560091    0.11087036133 
    0.0033786848    0.13665771484 
    0.0034013605    0.15216064453 
    0.0034240363    0.15850830078 
     0.003446712    0.15716552734 
    0.0034693878    0.15194702148 
    0.0034920635    0.15213012695 
    0.0035147392    0.15490722656 
     0.003537415    0.15115356445 
    0.0035600907     0.1364440918 
    0.0035827664    0.10772705078 
    0.0036054422   0.075744628906 
    0.0036281179   0.046722412109 
    0.0036507937   0.022369384766 
    0.0036734694  -0.0010986328125 
    0.0036961451  -0.033905029297 
    0.0037188209    -0.0751953125 
    0.0037414966   -0.11730957031 
    0.0037641723   -0.15274047852 
    0.0037868481   -0.17102050781 
    0.0038095238   -0.17993164062 
    0.0038321995   -0.19345092773 
    0.0038548753   -0.21697998047 
     0.003877551      -0.24609375 
    0.0039002268   -0.27001953125 
    0.0039229025   -0.27871704102 
    0.0039455782   -0.26910400391 
     0.003968254   -0.25244140625 
    0.0039909297   -0.24395751953 
    0.0040136054   -0.23916625977 
    0.0040362812   -0.22973632812 
    0.0040589569   -0.21240234375 
    0.0040816327   -0.17697143555 
    0.0041043084   -0.12997436523 
    0.0041269841  -0.096801757812 
    0.0041496599  -0.081634521484 
    0.0041723356  -0.078704833984 
    0.0041950113  -0.074676513672 
    0.0042176871  -0.067108154297 
    0.0042403628  -0.047485351562 
    0.0042630385  -0.027099609375 
    0.0042857143  -0.026885986328 
      0.00430839  -0.041229248047 
    0.0043310658  -0.050140380859 
    0.0043537415  -0.050964355469 
    0.0043764172  -0.044830322266 
     0.004399093  -0.043579101562 
    0.0044217687  -0.044158935547 
    0.0044444444  -0.047637939453 
    0.0044671202  -0.063140869141 
    0.0044897959  -0.078460693359 
    0.0045124717  -0.085815429688 
    0.0045351474  -0.090393066406 
    0.0045578231  -0.096038818359 
    0.0045804989   -0.10668945312 
    0.0046031746   -0.12548828125 
    0.0046258503   -0.15167236328 
    0.0046485261   -0.16638183594 
    0.0046712018   -0.17120361328 
    0.0046938776   -0.16809082031 
    0.0047165533   -0.15377807617 
     0.004739229   -0.14099121094 
    0.0047619048   -0.13323974609 
    0.0047845805   -0.12579345703 
    0.0048072562   -0.11380004883 
     0.004829932  -0.096527099609 
    0.0048526077  -0.080352783203 
    0.0048752834  -0.060455322266 
    0.0048979592  -0.041748046875 
    0.0049206349  -0.030548095703 
    0.0049433107  -0.022003173828 
    0.0049659864  -0.011322021484 
    0.0049886621  0.00057983398438 
    0.0050113379   0.008544921875 
    0.0050340136  0.0071716308594 
    0.0050566893  -0.0010070800781 
    0.0050793651  -0.0082092285156 
    0.0051020408  -0.014068603516 
    0.0051247166  -0.019470214844 
    0.0051473923  -0.030242919922 
     0.005170068  -0.050994873047 
    0.0051927438  -0.082946777344 
    0.0052154195   -0.11810302734 
    0.0052380952   -0.14752197266 
     0.005260771   -0.16952514648 
    0.0052834467   -0.18695068359 
    0.0053061224   -0.20474243164 
    0.0053287982   -0.22476196289 
    0.0053514739   -0.24536132812 
    0.0053741497   -0.26409912109 
    0.0053968254     -0.275390625 
    0.0054195011   -0.28131103516 
    0.0054421769   -0.28713989258 
    0.0054648526   -0.29431152344 
    0.0054875283   -0.30535888672 
    0.0055102041   -0.31689453125 
    0.0055328798   -0.32260131836 
    0.0055555556   -0.32397460938 
    0.0055782313   -0.32046508789 
     0.005600907   -0.31573486328 
    0.0056235828   -0.31384277344 
    0.0056462585   -0.31433105469 
    0.0056689342   -0.31414794922 
      0.00569161   -0.30810546875 
    0.0057142857   -0.29779052734 
    0.0057369615   -0.28811645508 
    0.0057596372   -0.27783203125 
    0.0057823129   -0.26693725586 
    0.0058049887   -0.25247192383 
    0.0058276644   -0.23205566406 
    0.0058503401   -0.21044921875 
    0.0058730159   -0.19009399414 
    0.0058956916   -0.16635131836 
    0.0059183673   -0.13690185547 
    0.0059410431   -0.10641479492 
    0.0059637188    -0.0732421875 
