; Sample Rate 44100
; Channels 1
               0  0.0031433105469 
   2.2675737e-05   0.039428710938 
   4.5351474e-05   0.074768066406 
   6.8027211e-05    0.10885620117 
   9.0702948e-05    0.14370727539 
   0.00011337868    0.17282104492 
   0.00013605442    0.19613647461 
   0.00015873016    0.21853637695 
    0.0001814059    0.22988891602 
   0.00020408163    0.22576904297 
   0.00022675737    0.21487426758 
   0.00024943311    0.19934082031 
   0.00027210884    0.17868041992 
   0.00029478458     0.1530456543 
   0.00031746032     0.1201171875 
   0.00034013605   0.080841064453 
   0.00036281179   0.037506103516 
   0.00038548753  -0.011352539062 
   0.00040816327  -0.060607910156 
     0.000430839   -0.10397338867 
   0.00045351474   -0.14254760742 
   0.00047619048   -0.17138671875 
   0.00049886621   -0.18994140625 
   0.00052154195   -0.19845581055 
   0.00054421769   -0.19241333008 
   0.00056689342   -0.17596435547 
   0.00058956916   -0.15603637695 
    0.0006122449   -0.13555908203 
   0.00063492063   -0.11660766602 
   0.00065759637   -0.10110473633 
   0.00068027211  -0.086303710938 
   0.00070294785  -0.063873291016 
   0.00072562358  -0.032653808594 
   0.00074829932  0.0033569335938 
   0.00077097506   0.039947509766 
   0.00079365079   0.073089599609 
   0.00081632653    0.10629272461 
   0.00083900227    0.14154052734 
     0.000861678    0.17785644531 
   0.00088435374    0.21408081055 
   0.00090702948    0.24478149414 
   0.00092970522    0.26721191406 
   0.00095238095    0.27877807617 
   0.00097505669    0.28057861328 
   0.00099773243     0.2760925293 
    0.0010204082    0.26849365234 
    0.0010430839    0.26123046875 
    0.0010657596    0.25143432617 
    0.0010884354    0.23608398438 
    0.0011111111    0.22134399414 
    0.0011337868    0.20574951172 
    0.0011564626    0.18991088867 
    0.0011791383    0.17523193359 
    0.0012018141    0.15991210938 
    0.0012244898     0.1413269043 
    0.0012471655     0.1201171875 
    0.0012698413   0.098876953125 
     0.001292517   0.077087402344 
    0.0013151927    0.05126953125 
    0.0013378685   0.025360107422 
    0.0013605442  0.0039672851562 
      0.00138322  -0.011657714844 
    0.0014058957  -0.017181396484 
    0.0014285714  -0.0081787109375 
    0.0014512472  0.0079345703125 
    0.0014739229   0.020568847656 
    0.0014965986   0.028472900391 
    0.0015192744   0.032135009766 
    0.0015419501   0.034820556641 
    0.0015646259   0.045562744141 
    0.0015873016   0.067718505859 
    0.0016099773   0.092407226562 
    0.0016326531    0.11172485352 
    0.0016553288    0.12152099609 
    0.0016780045    0.12554931641 
    0.0017006803    0.13101196289 
     0.001723356    0.14407348633 
    0.0017460317    0.16354370117 
    0.0017687075    0.17785644531 
    0.0017913832    0.18041992188 
     0.001814059    0.17114257812 
    0.0018367347    0.15441894531 
    0.0018594104    0.13577270508 
    0.0018820862    0.12139892578 
    0.0019047619    0.11175537109 
    0.0019274376   0.098785400391 
    0.0019501134   0.079467773438 
    0.0019727891   0.057830810547 
    0.0019954649   0.039489746094 
    0.0020181406   0.029388427734 
    0.0020408163   0.028533935547 
    0.0020634921   0.030487060547 
    0.0020861678   0.030975341797 
    0.0021088435   0.030364990234 
    0.0021315193   0.032623291016 
     0.002154195   0.040924072266 
    0.0021768707   0.054901123047 
    0.0021995465   0.069976806641 
    0.0022222222   0.083099365234 
     0.002244898   0.095092773438 
    0.0022675737    0.11050415039 
    0.0022902494    0.13296508789 
    0.0023129252    0.16320800781 
    0.0023356009    0.19680786133 
    0.0023582766    0.22723388672 
    0.0023809524    0.25006103516 
    0.0024036281    0.26803588867 
    0.0024263039    0.28607177734 
    0.0024489796    0.30688476562 
    0.0024716553    0.33023071289 
    0.0024943311    0.35287475586 
    0.0025170068    0.36846923828 
    0.0025396825    0.37609863281 
    0.0025623583    0.37878417969 
     0.002585034    0.37939453125 
    0.0026077098    0.37728881836 
    0.0026303855    0.37435913086 
    0.0026530612    0.36709594727 
     0.002675737    0.35662841797 
    0.0026984127    0.34478759766 
    0.0027210884    0.33059692383 
    0.0027437642    0.30999755859 
    0.0027664399    0.28283691406 
    0.0027891156    0.24481201172 
    0.0028117914    0.19586181641 
    0.0028344671     0.1403503418 
    0.0028571429   0.080474853516 
    0.0028798186   0.024108886719 
    0.0029024943  -0.019073486328 
    0.0029251701  -0.049255371094 
    0.0029478458  -0.065887451172 
    0.0029705215  -0.081939697266 
    0.0029931973   -0.10556030273 
     0.003015873   -0.13195800781 
    0.0030385488   -0.15963745117 
    0.0030612245   -0.17639160156 
    0.0030839002   -0.17568969727 
     0.003106576   -0.17202758789 
    0.0031292517   -0.16525268555 
    0.0031519274   -0.15298461914 
    0.0031746032   -0.13433837891 
    0.0031972789   -0.10684204102 
    0.0032199546  -0.077880859375 
    0.0032426304  -0.050018310547 
    0.0032653061  -0.023162841797 
    0.0032879819  0.0055236816406 
    0.0033106576   0.036102294922 
    0.0033333333   0.064788818359 
    0.0033560091   0.090057373047 
    0.0033786848    0.10958862305 
    0.0034013605    0.12237548828 
    0.0034240363    0.12789916992 
     0.003446712    0.12835693359 
    0.0034693878    0.12930297852 
    0.0034920635    0.13153076172 
    0.0035147392    0.13214111328 
     0.003537415    0.13049316406 
    0.0035600907    0.12344360352 
    0.0035827664    0.10815429688 
    0.0036054422   0.088745117188 
    0.0036281179   0.067718505859 
    0.0036507937   0.047210693359 
    0.0036734694   0.025604248047 
    0.0036961451  -0.0037231445312 
    0.0037188209  -0.046966552734 
    0.0037414966  -0.094421386719 
    0.0037641723   -0.13122558594 
    0.0037868481   -0.15380859375 
    0.0038095238   -0.16613769531 
    0.0038321995   -0.17279052734 
    0.0038548753   -0.18353271484 
     0.003877551   -0.20761108398 
    0.0039002268   -0.23428344727 
    0.0039229025   -0.25665283203 
    0.0039455782   -0.26440429688 
     0.003968254   -0.25714111328 
    0.0039909297   -0.24789428711 
    0.0040136054   -0.24203491211 
    0.0040362812   -0.23342895508 
    0.0040589569   -0.21704101562 
    0.0040816327          -0.1875 
    0.0041043084   -0.15179443359 
    0.0041269841   -0.12368774414 
    0.0041496599   -0.10366821289 
    0.0041723356  -0.091491699219 
    0.0041950113  -0.078033447266 
    0.0042176871  -0.063018798828 
    0.0042403628  -0.052154541016 
    0.0042630385  -0.043640136719 
    0.0042857143  -0.043365478516 
      0.00430839  -0.045166015625 
    0.0043310658  -0.047485351562 
    0.0043537415  -0.047088623047 
    0.0043764172  -0.042877197266 
     0.004399093  -0.039367675781 
    0.0044217687  -0.039855957031 
    0.0044444444  -0.044128417969 
    0.0044671202  -0.054107666016 
    0.0044897959  -0.063262939453 
    0.0045124717  -0.072235107422 
    0.0045351474  -0.082092285156 
    0.0045578231  -0.094329833984 
    0.0045804989   -0.10946655273 
    0.0046031746    -0.1242980957 
    0.0046258503   -0.14157104492 
    0.0046485261   -0.15460205078 
    0.0046712018   -0.15954589844 
    0.0046938776   -0.15786743164 
    0.0047165533   -0.15023803711 
     0.004739229   -0.14129638672 
    0.0047619048   -0.13549804688 
    0.0047845805    -0.1272277832 
    0.0048072562   -0.11404418945 
     0.004829932  -0.098266601562 
    0.0048526077  -0.082611083984 
    0.0048752834  -0.066467285156 
    0.0048979592  -0.051025390625 
    0.0049206349  -0.040161132812 
    0.0049433107  -0.032531738281 
    0.0049659864  -0.022857666016 
    0.0049886621  -0.010650634766 
    0.0050113379  -0.0025939941406 
    0.0050340136  -0.00042724609375 
    0.0050566893  -0.0035095214844 
    0.0050793651  -0.010711669922 
    0.0051020408  -0.019287109375 
    0.0051247166  -0.029388427734 
    0.0051473923  -0.041381835938 
     0.005170068  -0.055419921875 
    0.0051927438  -0.076080322266 
    0.0052154195   -0.10263061523 
    0.0052380952   -0.13067626953 
     0.005260771   -0.15551757812 
    0.0052834467   -0.17456054688 
    0.0053061224   -0.19128417969 
    0.0053287982   -0.20684814453 
    0.0053514739   -0.22369384766 
    0.0053741497   -0.24319458008 
    0.0053968254   -0.26208496094 
    0.0054195011   -0.27676391602 
    0.0054421769   -0.28610229492 
    0.0054648526   -0.29275512695 
    0.0054875283   -0.29995727539 
    0.0055102041   -0.30780029297 
    0.0055328798   -0.31332397461 
    0.0055555556   -0.31555175781 
    0.0055782313   -0.31539916992 
     0.005600907          -0.3125 
    0.0056235828   -0.30874633789 
    0.0056462585   -0.30505371094 
    0.0056689342   -0.30462646484 
      0.00569161   -0.30160522461 
    0.0057142857   -0.29455566406 
    0.0057369615   -0.28701782227 
    0.0057596372   -0.27426147461 
    0.0057823129   -0.25759887695 
    0.0058049887   -0.23928833008 
    0.0058276644   -0.21920776367 
    0.0058503401   -0.20086669922 
    0.0058730159   -0.17987060547 
    0.0058956916   -0.15606689453 
    0.0059183673   -0.12835693359 
    0.0059410431   -0.10009765625 
    0.0059637188  -0.068817138672 
    0.0059863946  -0.036285400391 
