; Sample Rate 44100
; Channels 1
               0   -0.00830078125 
   2.2675737e-05   0.023651123047 
   4.5351474e-05   0.056671142578 
   6.8027211e-05   0.081939697266 
   9.0702948e-05   0.097961425781 
   0.00011337868    0.11022949219 
   0.00013605442     0.1223449707 
   0.00015873016    0.13568115234 
    0.0001814059    0.14935302734 
   0.00020408163    0.15979003906 
   0.00022675737    0.16510009766 
   0.00024943311    0.16018676758 
   0.00027210884    0.14587402344 
   0.00029478458    0.12796020508 
   0.00031746032    0.10791015625 
   0.00034013605   0.082916259766 
   0.00036281179   0.054718017578 
   0.00038548753   0.025421142578 
   0.00040816327  -0.009033203125 
     0.000430839  -0.043853759766 
   0.00045351474  -0.075469970703 
   0.00047619048   -0.10327148438 
   0.00049886621    -0.1266784668 
   0.00052154195   -0.14154052734 
   0.00054421769   -0.14517211914 
   0.00056689342    -0.1376953125 
   0.00058956916   -0.12100219727 
    0.0006122449   -0.10208129883 
   0.00063492063  -0.085235595703 
   0.00065759637  -0.069427490234 
   0.00068027211  -0.056610107422 
   0.00070294785  -0.041900634766 
   0.00072562358  -0.024322509766 
   0.00074829932  -0.0023803710938 
   0.00077097506   0.022430419922 
   0.00079365079   0.047454833984 
   0.00081632653   0.071044921875 
   0.00083900227       0.09765625 
     0.000861678    0.12847900391 
   0.00088435374    0.16036987305 
   0.00090702948    0.18811035156 
   0.00092970522    0.20916748047 
   0.00095238095    0.22332763672 
   0.00097505669    0.22970581055 
   0.00099773243    0.22979736328 
    0.0010204082    0.22720336914 
    0.0010430839    0.22201538086 
    0.0010657596    0.21380615234 
    0.0010884354    0.20425415039 
    0.0011111111    0.19598388672 
    0.0011337868    0.18908691406 
    0.0011564626    0.18002319336 
    0.0011791383    0.16952514648 
    0.0012018141    0.15609741211 
    0.0012244898    0.13818359375 
    0.0012471655    0.12167358398 
    0.0012698413    0.11184692383 
     0.001292517    0.10388183594 
    0.0013151927   0.092437744141 
    0.0013378685   0.077819824219 
    0.0013605442   0.058654785156 
      0.00138322   0.037078857422 
    0.0014058957   0.023803710938 
    0.0014285714   0.025604248047 
    0.0014512472   0.037872314453 
    0.0014739229     0.0498046875 
    0.0014965986   0.056243896484 
    0.0015192744   0.057373046875 
    0.0015419501   0.057098388672 
    0.0015646259   0.062957763672 
    0.0015873016   0.078338623047 
    0.0016099773   0.096466064453 
    0.0016326531    0.10968017578 
    0.0016553288    0.11395263672 
    0.0016780045    0.11056518555 
    0.0017006803    0.10766601562 
     0.001723356    0.11349487305 
    0.0017460317    0.12753295898 
    0.0017687075    0.13919067383 
    0.0017913832    0.14141845703 
     0.001814059    0.13507080078 
    0.0018367347    0.12457275391 
    0.0018594104     0.1130065918 
    0.0018820862    0.10650634766 
    0.0019047619    0.10296630859 
    0.0019274376   0.094329833984 
    0.0019501134   0.078979492188 
    0.0019727891   0.061798095703 
    0.0019954649   0.050109863281 
    0.0020181406   0.044830322266 
    0.0020408163   0.042388916016 
    0.0020634921   0.039886474609 
    0.0020861678   0.035980224609 
    0.0021088435   0.032592773438 
    0.0021315193   0.036041259766 
     0.002154195   0.047576904297 
    0.0021768707   0.063995361328 
    0.0021995465   0.079711914062 
    0.0022222222   0.093688964844 
     0.002244898    0.10748291016 
    0.0022675737    0.12292480469 
    0.0022902494    0.14221191406 
    0.0023129252    0.16613769531 
    0.0023356009    0.19201660156 
    0.0023582766    0.21615600586 
    0.0023809524    0.23980712891 
    0.0024036281    0.26254272461 
    0.0024263039    0.28350830078 
    0.0024489796    0.30087280273 
    0.0024716553    0.31597900391 
    0.0024943311     0.3268737793 
    0.0025170068    0.33331298828 
    0.0025396825    0.33795166016 
    0.0025623583    0.34033203125 
     0.002585034    0.33819580078 
    0.0026077098    0.33551025391 
    0.0026303855    0.33255004883 
    0.0026530612    0.32727050781 
     0.002675737    0.32061767578 
    0.0026984127    0.31008911133 
    0.0027210884    0.29498291016 
    0.0027437642    0.27166748047 
    0.0027664399    0.24325561523 
    0.0027891156    0.20971679688 
    0.0028117914    0.16900634766 
    0.0028344671    0.12728881836 
    0.0028571429   0.082336425781 
    0.0028798186   0.033508300781 
    0.0029024943  -0.010681152344 
    0.0029251701   -0.03466796875 
    0.0029478458  -0.043090820312 
    0.0029705215  -0.060638427734 
    0.0029931973    -0.0908203125 
     0.003015873   -0.11666870117 
    0.0030385488   -0.13583374023 
    0.0030612245   -0.14944458008 
    0.0030839002   -0.15301513672 
     0.003106576   -0.14935302734 
    0.0031292517   -0.14331054688 
    0.0031519274   -0.13180541992 
    0.0031746032   -0.11553955078 
    0.0031972789  -0.097930908203 
    0.0032199546  -0.080657958984 
    0.0032426304   -0.05908203125 
    0.0032653061  -0.028991699219 
    0.0032879819  -0.00051879882812 
    0.0033106576   0.022583007812 
    0.0033333333   0.046813964844 
    0.0033560091   0.066528320312 
    0.0033786848   0.083160400391 
    0.0034013605   0.094787597656 
    0.0034240363   0.098876953125 
     0.003446712   0.097747802734 
    0.0034693878   0.094390869141 
    0.0034920635   0.095550537109 
    0.0035147392    0.10275268555 
     0.003537415    0.10589599609 
    0.0035600907    0.10162353516 
    0.0035827664   0.089477539062 
    0.0036054422   0.069488525391 
    0.0036281179   0.045318603516 
    0.0036507937   0.020080566406 
    0.0036734694  -0.0040588378906 
    0.0036961451  -0.033142089844 
    0.0037188209  -0.065155029297 
    0.0037414966  -0.095062255859 
    0.0037641723   -0.12249755859 
    0.0037868481   -0.14022827148 
    0.0038095238   -0.14569091797 
    0.0038321995   -0.15017700195 
    0.0038548753    -0.1647644043 
     0.003877551   -0.18661499023 
    0.0039002268   -0.20568847656 
    0.0039229025   -0.21871948242 
    0.0039455782   -0.21865844727 
     0.003968254      -0.20703125 
    0.0039909297   -0.19815063477 
    0.0040136054   -0.19638061523 
    0.0040362812   -0.19161987305 
    0.0040589569   -0.18505859375 
    0.0040816327   -0.17614746094 
    0.0041043084   -0.15982055664 
    0.0041269841   -0.14373779297 
    0.0041496599   -0.13345336914 
    0.0041723356   -0.12362670898 
    0.0041950113   -0.10775756836 
    0.0042176871  -0.090606689453 
    0.0042403628  -0.082366943359 
    0.0042630385  -0.072296142578 
    0.0042857143  -0.062103271484 
      0.00430839  -0.060882568359 
    0.0043310658  -0.062957763672 
    0.0043537415  -0.060638427734 
    0.0043764172  -0.049743652344 
     0.004399093  -0.042907714844 
    0.0044217687  -0.046417236328 
    0.0044444444  -0.051513671875 
    0.0044671202  -0.061309814453 
    0.0044897959  -0.075988769531 
    0.0045124717  -0.093048095703 
    0.0045351474   -0.10705566406 
    0.0045578231    -0.1135559082 
    0.0045804989   -0.11853027344 
    0.0046031746   -0.12322998047 
    0.0046258503   -0.12832641602 
    0.0046485261   -0.13385009766 
    0.0046712018   -0.13815307617 
    0.0046938776   -0.14300537109 
    0.0047165533   -0.14248657227 
     0.004739229   -0.13848876953 
    0.0047619048   -0.13153076172 
    0.0047845805   -0.12274169922 
    0.0048072562   -0.11334228516 
     0.004829932  -0.094879150391 
    0.0048526077  -0.071716308594 
    0.0048752834  -0.053100585938 
    0.0048979592  -0.041046142578 
    0.0049206349  -0.033081054688 
    0.0049433107     -0.029296875 
    0.0049659864  -0.027069091797 
    0.0049886621  -0.023559570312 
    0.0050113379  -0.019195556641 
    0.0050340136  -0.017761230469 
    0.0050566893     -0.021484375 
    0.0050793651  -0.029479980469 
    0.0051020408  -0.040588378906 
    0.0051247166  -0.051788330078 
    0.0051473923  -0.061889648438 
     0.005170068  -0.074066162109 
    0.0051927438  -0.089294433594 
    0.0052154195   -0.10720825195 
    0.0052380952   -0.12658691406 
     0.005260771   -0.14611816406 
    0.0052834467   -0.16323852539 
    0.0053061224   -0.18231201172 
    0.0053287982   -0.20358276367 
    0.0053514739   -0.22250366211 
    0.0053741497   -0.24017333984 
    0.0053968254   -0.25576782227 
    0.0054195011   -0.26684570312 
    0.0054421769   -0.27395629883 
    0.0054648526   -0.27893066406 
    0.0054875283   -0.28720092773 
    0.0055102041   -0.29504394531 
    0.0055328798      -0.30078125 
    0.0055555556   -0.30419921875 
    0.0055782313    -0.3056640625 
     0.005600907       -0.3046875 
    0.0056235828   -0.30340576172 
    0.0056462585   -0.30053710938 
    0.0056689342   -0.29791259766 
      0.00569161   -0.29248046875 
    0.0057142857   -0.27917480469 
    0.0057369615    -0.2604675293 
    0.0057596372   -0.24362182617 
    0.0057823129   -0.22955322266 
    0.0058049887   -0.21667480469 
    0.0058276644   -0.19961547852 
    0.0058503401   -0.17883300781 
    0.0058730159   -0.16046142578 
    0.0058956916   -0.13909912109 
    0.0059183673   -0.11129760742 
    0.0059410431  -0.085601806641 
    0.0059637188  -0.061126708984 
    0.0059863946  -0.034942626953 
