; Sample Rate 44100
; Channels 1
               0   0.010589599609 
   2.2675737e-05   0.045684814453 
   4.5351474e-05   0.074676513672 
   6.8027211e-05   0.098052978516 
   9.0702948e-05    0.11508178711 
   0.00011337868    0.12167358398 
   0.00013605442    0.12384033203 
   0.00015873016    0.12628173828 
    0.0001814059    0.12866210938 
   0.00020408163    0.12994384766 
   0.00022675737    0.12896728516 
   0.00024943311    0.12628173828 
   0.00027210884    0.12194824219 
   0.00029478458    0.11547851562 
   0.00031746032    0.10388183594 
   0.00034013605   0.080230712891 
   0.00036281179   0.047424316406 
   0.00038548753   0.012023925781 
   0.00040816327  -0.025634765625 
     0.000430839  -0.060516357422 
   0.00045351474  -0.087738037109 
   0.00047619048   -0.11303710938 
   0.00049886621   -0.13464355469 
   0.00052154195   -0.14486694336 
   0.00054421769    -0.1396484375 
   0.00056689342   -0.12265014648 
   0.00058956916  -0.099914550781 
    0.0006122449  -0.076263427734 
   0.00063492063  -0.056976318359 
   0.00065759637     -0.041015625 
   0.00068027211  -0.024536132812 
   0.00070294785  -0.0087280273438 
   0.00072562358  0.0077514648438 
   0.00074829932   0.027038574219 
   0.00077097506   0.048156738281 
   0.00079365079   0.068237304688 
   0.00081632653   0.089691162109 
   0.00083900227    0.11499023438 
     0.000861678    0.14303588867 
   0.00088435374    0.16833496094 
   0.00090702948    0.19100952148 
   0.00092970522    0.20922851562 
   0.00095238095    0.21926879883 
   0.00097505669    0.22204589844 
   0.00099773243    0.21908569336 
    0.0010204082    0.21560668945 
    0.0010430839    0.20977783203 
    0.0010657596    0.20147705078 
    0.0010884354    0.19509887695 
    0.0011111111    0.19088745117 
    0.0011337868    0.18795776367 
    0.0011564626    0.18371582031 
    0.0011791383       0.17578125 
    0.0012018141    0.16171264648 
    0.0012244898    0.14154052734 
    0.0012471655    0.12155151367 
    0.0012698413    0.10595703125 
     0.001292517   0.091979980469 
    0.0013151927   0.074737548828 
    0.0013378685   0.055572509766 
    0.0013605442   0.035278320312 
      0.00138322   0.020172119141 
    0.0014058957     0.0166015625 
    0.0014285714   0.025115966797 
    0.0014512472   0.041198730469 
    0.0014739229   0.054626464844 
    0.0014965986   0.060119628906 
    0.0015192744   0.058319091797 
    0.0015419501   0.057769775391 
    0.0015646259   0.069244384766 
    0.0015873016   0.088714599609 
    0.0016099773    0.10552978516 
    0.0016326531    0.11587524414 
    0.0016553288     0.1198425293 
    0.0016780045    0.12020874023 
    0.0017006803    0.12188720703 
     0.001723356    0.13079833984 
    0.0017460317    0.14282226562 
    0.0017687075    0.14697265625 
    0.0017913832    0.14080810547 
     0.001814059    0.12951660156 
    0.0018367347    0.11480712891 
    0.0018594104    0.10217285156 
    0.0018820862   0.096435546875 
    0.0019047619   0.090454101562 
    0.0019274376   0.079406738281 
    0.0019501134   0.066345214844 
    0.0019727891   0.055267333984 
    0.0019954649   0.047668457031 
    0.0020181406   0.046020507812 
    0.0020408163   0.050811767578 
    0.0020634921   0.054382324219 
    0.0020861678   0.053039550781 
    0.0021088435   0.053833007812 
    0.0021315193   0.058441162109 
     0.002154195   0.067810058594 
    0.0021768707   0.081848144531 
    0.0021995465   0.095855712891 
    0.0022222222    0.10565185547 
     0.002244898    0.11346435547 
    0.0022675737    0.12457275391 
    0.0022902494     0.1416015625 
    0.0023129252    0.16278076172 
    0.0023356009    0.18637084961 
    0.0023582766    0.20953369141 
    0.0023809524    0.22903442383 
    0.0024036281     0.2473449707 
    0.0024263039      0.267578125 
    0.0024489796    0.28823852539 
    0.0024716553    0.30798339844 
    0.0024943311    0.32553100586 
    0.0025170068    0.33828735352 
    0.0025396825    0.34497070312 
    0.0025623583    0.34323120117 
     0.002585034    0.33688354492 
    0.0026077098    0.32830810547 
    0.0026303855    0.31918334961 
    0.0026530612    0.31185913086 
     0.002675737    0.30416870117 
    0.0026984127     0.2917175293 
    0.0027210884     0.2731628418 
    0.0027437642    0.24682617188 
    0.0027664399    0.21450805664 
    0.0027891156    0.17926025391 
    0.0028117914    0.14093017578 
    0.0028344671    0.10092163086 
    0.0028571429   0.060180664062 
    0.0028798186   0.019104003906 
    0.0029024943  -0.013763427734 
    0.0029251701  -0.035461425781 
    0.0029478458  -0.050750732422 
    0.0029705215  -0.068969726562 
    0.0029931973  -0.089569091797 
     0.003015873   -0.10763549805 
    0.0030385488   -0.12365722656 
    0.0030612245   -0.13461303711 
    0.0030839002   -0.13876342773 
     0.003106576    -0.1383972168 
    0.0031292517   -0.13507080078 
    0.0031519274   -0.12725830078 
    0.0031746032    -0.1125793457 
    0.0031972789  -0.093811035156 
    0.0032199546      -0.07421875 
    0.0032426304  -0.051177978516 
    0.0032653061  -0.025939941406 
    0.0032879819  -0.00088500976562 
    0.0033106576   0.027648925781 
    0.0033333333   0.059600830078 
    0.0033560091   0.086395263672 
    0.0033786848     0.1057434082 
    0.0034013605    0.11590576172 
    0.0034240363    0.11703491211 
     0.003446712    0.10968017578 
    0.0034693878    0.10064697266 
    0.0034920635   0.095611572266 
    0.0035147392   0.091552734375 
     0.003537415   0.085205078125 
    0.0035600907   0.073944091797 
    0.0035827664   0.057250976562 
    0.0036054422   0.040954589844 
    0.0036281179    0.02392578125 
    0.0036507937  0.0027465820312 
    0.0036734694  -0.023376464844 
    0.0036961451  -0.051544189453 
    0.0037188209  -0.078735351562 
    0.0037414966   -0.10064697266 
    0.0037641723   -0.11419677734 
    0.0037868481   -0.12115478516 
    0.0038095238   -0.13034057617 
    0.0038321995   -0.14755249023 
    0.0038548753   -0.16516113281 
     0.003877551   -0.17553710938 
    0.0039002268   -0.18035888672 
    0.0039229025   -0.18341064453 
    0.0039455782   -0.18957519531 
     0.003968254   -0.20159912109 
    0.0039909297   -0.21371459961 
    0.0040136054   -0.21829223633 
    0.0040362812   -0.21371459961 
    0.0040589569   -0.19812011719 
    0.0040816327   -0.17916870117 
    0.0041043084   -0.16299438477 
    0.0041269841   -0.14697265625 
    0.0041496599   -0.12664794922 
    0.0041723356   -0.10205078125 
    0.0041950113  -0.077941894531 
    0.0042176871  -0.067047119141 
    0.0042403628  -0.058624267578 
    0.0042630385  -0.043243408203 
    0.0042857143  -0.031341552734 
      0.00430839  -0.034027099609 
    0.0043310658  -0.049438476562 
    0.0043537415  -0.059509277344 
    0.0043764172  -0.060211181641 
     0.004399093  -0.059906005859 
    0.0044217687  -0.064697265625 
    0.0044444444  -0.073272705078 
    0.0044671202  -0.085388183594 
    0.0044897959   -0.10012817383 
    0.0045124717   -0.11361694336 
    0.0045351474   -0.11752319336 
    0.0045578231   -0.11639404297 
    0.0045804989   -0.12149047852 
    0.0046031746   -0.12936401367 
    0.0046258503   -0.13391113281 
    0.0046485261   -0.13412475586 
    0.0046712018   -0.13092041016 
    0.0046938776   -0.12557983398 
    0.0047165533   -0.12139892578 
     0.004739229   -0.11541748047 
    0.0047619048   -0.10479736328 
    0.0047845805  -0.091522216797 
    0.0048072562  -0.078857421875 
     0.004829932  -0.066192626953 
    0.0048526077  -0.056182861328 
    0.0048752834   -0.05224609375 
    0.0048979592  -0.051940917969 
    0.0049206349  -0.050811767578 
    0.0049433107  -0.046752929688 
    0.0049659864  -0.042541503906 
    0.0049886621  -0.036926269531 
    0.0050113379  -0.031036376953 
    0.0050340136  -0.028991699219 
    0.0050566893  -0.031127929688 
    0.0050793651  -0.037414550781 
    0.0051020408  -0.045623779297 
    0.0051247166  -0.054962158203 
    0.0051473923  -0.064971923828 
     0.005170068  -0.077514648438 
    0.0051927438  -0.097351074219 
    0.0052154195   -0.12005615234 
    0.0052380952   -0.14312744141 
     0.005260771   -0.16354370117 
    0.0052834467   -0.17803955078 
    0.0053061224   -0.19235229492 
    0.0053287982   -0.20846557617 
    0.0053514739   -0.22537231445 
    0.0053741497   -0.24136352539 
    0.0053968254   -0.25607299805 
    0.0054195011   -0.26602172852 
    0.0054421769    -0.2741394043 
    0.0054648526   -0.28469848633 
    0.0054875283   -0.29513549805 
    0.0055102041   -0.30099487305 
    0.0055328798   -0.30221557617 
    0.0055555556   -0.30062866211 
    0.0055782313   -0.30004882812 
     0.005600907   -0.29888916016 
    0.0056235828    -0.2936706543 
    0.0056462585   -0.28723144531 
    0.0056689342   -0.27917480469 
      0.00569161   -0.26452636719 
    0.0057142857   -0.24578857422 
    0.0057369615   -0.22821044922 
    0.0057596372   -0.21612548828 
    0.0057823129   -0.20361328125 
    0.0058049887   -0.18713378906 
    0.0058276644   -0.16995239258 
    0.0058503401   -0.14984130859 
    0.0058730159   -0.12689208984 
    0.0058956916   -0.10144042969 
    0.0059183673    -0.0791015625 
    0.0059410431  -0.057952880859 
    0.0059637188  -0.034912109375 
