; Sample Rate 44100
; Channels 1
               0  -0.0051574707031 
   2.2675737e-05   0.029174804688 
   4.5351474e-05   0.066345214844 
   6.8027211e-05   0.097473144531 
   9.0702948e-05    0.11602783203 
   0.00011337868    0.12808227539 
   0.00013605442    0.14108276367 
   0.00015873016    0.15386962891 
    0.0001814059    0.16452026367 
   0.00020408163    0.17300415039 
   0.00022675737    0.17459106445 
   0.00024943311    0.16397094727 
   0.00027210884    0.14691162109 
   0.00029478458    0.12759399414 
   0.00031746032    0.10571289062 
   0.00034013605   0.081085205078 
   0.00036281179       0.05078125 
   0.00038548753   0.016174316406 
   0.00040816327  -0.018646240234 
     0.000430839  -0.052093505859 
   0.00045351474  -0.083282470703 
   0.00047619048   -0.10876464844 
   0.00049886621   -0.12545776367 
   0.00052154195   -0.13455200195 
   0.00054421769   -0.13348388672 
   0.00056689342   -0.12203979492 
   0.00058956916   -0.10763549805 
    0.0006122449  -0.097747802734 
   0.00063492063  -0.092224121094 
   0.00065759637  -0.086730957031 
   0.00068027211  -0.078887939453 
   0.00070294785  -0.066772460938 
   0.00072562358  -0.046539306641 
   0.00074829932  -0.021942138672 
   0.00077097506  0.0042114257812 
   0.00079365079   0.031097412109 
   0.00081632653   0.057861328125 
   0.00083900227   0.089416503906 
     0.000861678    0.12719726562 
   0.00088435374    0.16546630859 
   0.00090702948    0.20327758789 
   0.00092970522    0.23376464844 
   0.00095238095    0.25369262695 
   0.00097505669    0.26229858398 
   0.00099773243    0.26211547852 
    0.0010204082     0.2561340332 
    0.0010430839    0.24468994141 
    0.0010657596    0.23025512695 
    0.0010884354    0.21643066406 
    0.0011111111    0.20288085938 
    0.0011337868    0.19116210938 
    0.0011564626    0.17803955078 
    0.0011791383    0.16040039062 
    0.0012018141    0.13983154297 
    0.0012244898    0.11950683594 
    0.0012471655    0.10256958008 
    0.0012698413   0.092681884766 
     0.001292517   0.089111328125 
    0.0013151927   0.084197998047 
    0.0013378685   0.074035644531 
    0.0013605442   0.058685302734 
      0.00138322   0.042663574219 
    0.0014058957   0.036193847656 
    0.0014285714   0.042907714844 
    0.0014512472   0.056396484375 
    0.0014739229   0.065643310547 
    0.0014965986     0.0634765625 
    0.0015192744   0.052154541016 
    0.0015419501   0.038909912109 
    0.0015646259   0.037170410156 
    0.0015873016   0.050872802734 
    0.0016099773     0.0712890625 
    0.0016326531   0.087341308594 
    0.0016553288   0.093994140625 
    0.0016780045   0.093048095703 
    0.0017006803   0.091674804688 
     0.001723356    0.10046386719 
    0.0017460317    0.12130737305 
    0.0017687075    0.14422607422 
    0.0017913832     0.1591796875 
     0.001814059     0.1591796875 
    0.0018367347    0.14721679688 
    0.0018594104    0.13311767578 
    0.0018820862    0.12454223633 
    0.0019047619     0.1188659668 
    0.0019274376    0.10949707031 
    0.0019501134   0.092987060547 
    0.0019727891   0.072204589844 
    0.0019954649   0.052917480469 
    0.0020181406   0.040222167969 
    0.0020408163   0.036010742188 
    0.0020634921    0.03466796875 
    0.0020861678   0.030944824219 
    0.0021088435   0.026153564453 
    0.0021315193   0.025604248047 
     0.002154195   0.032379150391 
    0.0021768707    0.04638671875 
    0.0021995465   0.065307617188 
    0.0022222222   0.083404541016 
     0.002244898   0.098114013672 
    0.0022675737    0.11419677734 
    0.0022902494    0.13580322266 
    0.0023129252     0.1628112793 
    0.0023356009      0.193359375 
    0.0023582766    0.22308349609 
    0.0023809524    0.24774169922 
    0.0024036281    0.26599121094 
    0.0024263039    0.28295898438 
    0.0024489796    0.29901123047 
    0.0024716553    0.31506347656 
    0.0024943311     0.3310546875 
    0.0025170068    0.34069824219 
    0.0025396825    0.34506225586 
    0.0025623583    0.34484863281 
     0.002585034    0.34228515625 
    0.0026077098    0.34088134766 
    0.0026303855    0.34066772461 
    0.0026530612      0.341796875 
     0.002675737    0.33920288086 
    0.0026984127    0.33059692383 
    0.0027210884     0.3137512207 
    0.0027437642     0.2861328125 
    0.0027664399    0.25244140625 
    0.0027891156    0.21475219727 
    0.0028117914    0.17370605469 
    0.0028344671    0.13079833984 
    0.0028571429   0.086303710938 
    0.0028798186      0.044921875 
    0.0029024943  0.0095825195312 
    0.0029251701  -0.022796630859 
    0.0029478458  -0.051330566406 
    0.0029705215  -0.082824707031 
    0.0029931973   -0.11645507812 
     0.003015873   -0.14709472656 
    0.0030385488   -0.17199707031 
    0.0030612245   -0.18716430664 
    0.0030839002   -0.19097900391 
     0.003106576   -0.18795776367 
    0.0031292517   -0.17626953125 
    0.0031519274   -0.15618896484 
    0.0031746032   -0.13201904297 
    0.0031972789   -0.10626220703 
    0.0032199546  -0.076995849609 
    0.0032426304  -0.046173095703 
    0.0032653061  -0.022186279297 
    0.0032879819  -0.0028381347656 
    0.0033106576   0.023834228516 
    0.0033333333   0.056182861328 
    0.0033560091   0.085052490234 
    0.0033786848    0.11193847656 
    0.0034013605    0.13781738281 
    0.0034240363    0.15267944336 
     0.003446712    0.14859008789 
    0.0034693878    0.12832641602 
    0.0034920635    0.10653686523 
    0.0035147392   0.093048095703 
     0.003537415   0.084594726562 
    0.0035600907   0.076263427734 
    0.0035827664   0.060394287109 
    0.0036054422   0.040222167969 
    0.0036281179   0.017211914062 
    0.0036507937  -0.0084228515625 
    0.0036734694  -0.034637451172 
    0.0036961451  -0.058624267578 
    0.0037188209  -0.076782226562 
    0.0037414966  -0.093719482422 
    0.0037641723   -0.10977172852 
    0.0037868481   -0.11947631836 
    0.0038095238   -0.12579345703 
    0.0038321995   -0.13824462891 
    0.0038548753   -0.16213989258 
     0.003877551   -0.19277954102 
    0.0039002268   -0.21752929688 
    0.0039229025   -0.22930908203 
    0.0039455782   -0.22967529297 
     0.003968254   -0.22103881836 
    0.0039909297   -0.21728515625 
    0.0040136054   -0.21868896484 
    0.0040362812   -0.21688842773 
    0.0040589569   -0.20718383789 
    0.0040816327   -0.18884277344 
    0.0041043084   -0.16741943359 
    0.0041269841   -0.14669799805 
    0.0041496599   -0.13394165039 
    0.0041723356   -0.12963867188 
    0.0041950113   -0.11489868164 
    0.0042176871  -0.083465576172 
    0.0042403628  -0.056304931641 
    0.0042630385  -0.039398193359 
    0.0042857143  -0.032379150391 
      0.00430839  -0.034454345703 
    0.0043310658  -0.036437988281 
    0.0043537415  -0.039733886719 
    0.0043764172  -0.045349121094 
     0.004399093  -0.053314208984 
    0.0044217687  -0.065643310547 
    0.0044444444  -0.076782226562 
    0.0044671202  -0.086334228516 
    0.0044897959  -0.095733642578 
    0.0045124717    -0.1051940918 
    0.0045351474   -0.11676025391 
    0.0045578231   -0.12734985352 
    0.0045804989   -0.13809204102 
    0.0046031746   -0.14541625977 
    0.0046258503   -0.15112304688 
    0.0046485261   -0.15530395508 
    0.0046712018   -0.15173339844 
    0.0046938776   -0.14233398438 
    0.0047165533   -0.12976074219 
     0.004739229   -0.11999511719 
    0.0047619048   -0.11486816406 
    0.0047845805   -0.10614013672 
    0.0048072562  -0.094421386719 
     0.004829932  -0.079498291016 
    0.0048526077  -0.062744140625 
    0.0048752834  -0.052215576172 
    0.0048979592  -0.044067382812 
    0.0049206349  -0.036437988281 
    0.0049433107  -0.034240722656 
    0.0049659864  -0.032379150391 
    0.0049886621  -0.028564453125 
    0.0050113379  -0.025756835938 
    0.0050340136  -0.026458740234 
    0.0050566893  -0.030212402344 
    0.0050793651  -0.035980224609 
    0.0051020408  -0.043579101562 
    0.0051247166  -0.051940917969 
    0.0051473923  -0.060424804688 
     0.005170068  -0.072875976562 
    0.0051927438  -0.092041015625 
    0.0052154195   -0.11486816406 
    0.0052380952   -0.13815307617 
     0.005260771   -0.16134643555 
    0.0052834467   -0.18075561523 
    0.0053061224   -0.19546508789 
    0.0053287982   -0.20941162109 
    0.0053514739   -0.22302246094 
    0.0053741497   -0.23629760742 
    0.0053968254   -0.24996948242 
    0.0054195011   -0.26553344727 
    0.0054421769   -0.28109741211 
    0.0054648526   -0.29489135742 
    0.0054875283   -0.30395507812 
    0.0055102041   -0.30917358398 
    0.0055328798   -0.31069946289 
    0.0055555556   -0.30941772461 
    0.0055782313   -0.30438232422 
     0.005600907   -0.29891967773 
    0.0056235828   -0.29748535156 
    0.0056462585   -0.30001831055 
    0.0056689342   -0.30236816406 
      0.00569161   -0.29806518555 
    0.0057142857   -0.28775024414 
    0.0057369615       -0.2734375 
    0.0057596372   -0.25970458984 
    0.0057823129   -0.24829101562 
    0.0058049887   -0.23825073242 
    0.0058276644   -0.22418212891 
    0.0058503401   -0.20474243164 
    0.0058730159   -0.18298339844 
    0.0058956916   -0.15631103516 
    0.0059183673   -0.12878417969 
    0.0059410431   -0.10531616211 
    0.0059637188   -0.08154296875 
    0.0059863946   -0.05517578125 
