; Sample Rate 44100
; Channels 1
               0  0.0031433105469 
   2.2675737e-05    0.04638671875 
   4.5351474e-05   0.082641601562 
   6.8027211e-05    0.11260986328 
   9.0702948e-05    0.13970947266 
   0.00011337868    0.16262817383 
   0.00013605442    0.18118286133 
   0.00015873016    0.19644165039 
    0.0001814059    0.21139526367 
   0.00020408163    0.22348022461 
   0.00022675737    0.22329711914 
   0.00024943311    0.20959472656 
   0.00027210884    0.18743896484 
   0.00029478458    0.15469360352 
   0.00031746032     0.1106262207 
   0.00034013605   0.061004638672 
   0.00036281179   0.014312744141 
   0.00038548753  -0.025695800781 
   0.00040816327  -0.062408447266 
     0.000430839  -0.092132568359 
   0.00045351474   -0.11279296875 
   0.00047619048   -0.12670898438 
   0.00049886621   -0.13488769531 
   0.00052154195   -0.13619995117 
   0.00054421769   -0.13003540039 
   0.00056689342   -0.11889648438 
   0.00058956916   -0.10784912109 
    0.0006122449   -0.10754394531 
   0.00063492063   -0.11526489258 
   0.00065759637   -0.12155151367 
   0.00068027211      -0.12109375 
   0.00070294785   -0.10852050781 
   0.00072562358  -0.081146240234 
   0.00074829932  -0.044525146484 
   0.00077097506  -0.0029602050781 
   0.00079365079   0.039794921875 
   0.00081632653   0.081909179688 
   0.00083900227    0.12384033203 
     0.000861678    0.16473388672 
   0.00088435374    0.20544433594 
   0.00090702948    0.24224853516 
   0.00092970522    0.26867675781 
   0.00095238095    0.28201293945 
   0.00097505669    0.28579711914 
   0.00099773243    0.28244018555 
    0.0010204082    0.27453613281 
    0.0010430839    0.26715087891 
    0.0010657596     0.2580871582 
    0.0010884354    0.24685668945 
    0.0011111111    0.23492431641 
    0.0011337868    0.22079467773 
    0.0011564626    0.19885253906 
    0.0011791383    0.16772460938 
    0.0012018141    0.13299560547 
    0.0012244898    0.10214233398 
    0.0012471655   0.083129882812 
    0.0012698413   0.078918457031 
     0.001292517   0.081634521484 
    0.0013151927   0.078979492188 
    0.0013378685   0.065246582031 
    0.0013605442   0.046752929688 
      0.00138322   0.030090332031 
    0.0014058957   0.026824951172 
    0.0014285714   0.041564941406 
    0.0014512472   0.059936523438 
    0.0014739229   0.062438964844 
    0.0014965986   0.047943115234 
    0.0015192744   0.024047851562 
    0.0015419501    0.00634765625 
    0.0015646259  0.0086975097656 
    0.0015873016   0.032135009766 
    0.0016099773   0.063812255859 
    0.0016326531   0.087432861328 
    0.0016553288   0.095886230469 
    0.0016780045   0.095825195312 
    0.0017006803   0.099060058594 
     0.001723356    0.11608886719 
    0.0017460317    0.14224243164 
    0.0017687075    0.16293334961 
    0.0017913832    0.17007446289 
     0.001814059     0.1643371582 
    0.0018367347    0.14895629883 
    0.0018594104    0.13381958008 
    0.0018820862    0.12554931641 
    0.0019047619     0.1201171875 
    0.0019274376    0.10934448242 
    0.0019501134   0.090698242188 
    0.0019727891   0.071685791016 
    0.0019954649   0.057586669922 
    0.0020181406   0.049591064453 
    0.0020408163   0.045471191406 
    0.0020634921   0.040985107422 
    0.0020861678   0.033966064453 
    0.0021088435   0.030120849609 
    0.0021315193   0.035705566406 
     0.002154195   0.049194335938 
    0.0021768707   0.067535400391 
    0.0021995465   0.084991455078 
    0.0022222222   0.096374511719 
     0.002244898     0.1064453125 
    0.0022675737    0.12380981445 
    0.0022902494    0.14935302734 
    0.0023129252    0.18103027344 
    0.0023356009    0.21411132812 
    0.0023582766    0.24258422852 
    0.0023809524    0.26434326172 
    0.0024036281    0.28149414062 
    0.0024263039    0.29724121094 
    0.0024489796    0.31533813477 
    0.0024716553    0.33465576172 
    0.0024943311    0.34973144531 
    0.0025170068    0.35995483398 
    0.0025396825     0.3642578125 
    0.0025623583    0.36288452148 
     0.002585034    0.36080932617 
    0.0026077098    0.36068725586 
    0.0026303855    0.36331176758 
    0.0026530612    0.36489868164 
     0.002675737    0.36029052734 
    0.0026984127    0.34698486328 
    0.0027210884    0.32229614258 
    0.0027437642    0.29061889648 
    0.0027664399    0.25476074219 
    0.0027891156    0.21292114258 
    0.0028117914    0.16818237305 
    0.0028344671    0.11938476562 
    0.0028571429   0.070037841797 
    0.0028798186    0.02197265625 
    0.0029024943    -0.0224609375 
    0.0029251701  -0.058380126953 
    0.0029478458  -0.086334228516 
    0.0029705215   -0.11346435547 
    0.0029931973    -0.1408996582 
     0.003015873   -0.16177368164 
    0.0030385488   -0.17501831055 
    0.0030612245   -0.18194580078 
    0.0030839002   -0.18151855469 
     0.003106576   -0.18200683594 
    0.0031292517   -0.18173217773 
    0.0031519274   -0.17318725586 
    0.0031746032   -0.15167236328 
    0.0031972789   -0.11636352539 
    0.0032199546  -0.074615478516 
    0.0032426304  -0.031158447266 
    0.0032653061  0.0040588378906 
    0.0032879819   0.026428222656 
    0.0033106576   0.049133300781 
    0.0033333333   0.080352783203 
    0.0033560091    0.11349487305 
    0.0033786848    0.13702392578 
    0.0034013605    0.14910888672 
    0.0034240363    0.15185546875 
     0.003446712    0.14440917969 
    0.0034693878    0.13235473633 
    0.0034920635    0.12286376953 
    0.0035147392    0.11853027344 
     0.003537415    0.11483764648 
    0.0035600907   0.098815917969 
    0.0035827664   0.069763183594 
    0.0036054422   0.041595458984 
    0.0036281179    0.01904296875 
    0.0036507937  0.0037231445312 
    0.0036734694  -0.014892578125 
    0.0036961451  -0.040802001953 
    0.0037188209  -0.072296142578 
    0.0037414966   -0.10885620117 
    0.0037641723    -0.1350402832 
    0.0037868481   -0.14157104492 
    0.0038095238   -0.14254760742 
    0.0038321995   -0.16073608398 
    0.0038548753   -0.19186401367 
     0.003877551   -0.22262573242 
    0.0039002268   -0.24871826172 
    0.0039229025   -0.26086425781 
    0.0039455782   -0.26019287109 
     0.003968254   -0.25540161133 
    0.0039909297   -0.24920654297 
    0.0040136054    -0.2451171875 
    0.0040362812   -0.24038696289 
    0.0040589569   -0.22131347656 
    0.0040816327   -0.18292236328 
    0.0041043084   -0.14511108398 
    0.0041269841   -0.12164306641 
    0.0041496599   -0.10559082031 
    0.0041723356  -0.095611572266 
    0.0041950113  -0.084167480469 
    0.0042176871  -0.066131591797 
    0.0042403628  -0.043121337891 
    0.0042630385  -0.027404785156 
    0.0042857143  -0.026641845703 
      0.00430839  -0.035736083984 
    0.0043310658  -0.042510986328 
    0.0043537415  -0.040832519531 
    0.0043764172  -0.032653808594 
     0.004399093  -0.028961181641 
    0.0044217687  -0.035797119141 
    0.0044444444  -0.052551269531 
    0.0044671202  -0.073852539062 
    0.0044897959   -0.09130859375 
    0.0045124717   -0.10452270508 
    0.0045351474   -0.11236572266 
    0.0045578231   -0.12362670898 
    0.0045804989   -0.13989257812 
    0.0046031746   -0.15103149414 
    0.0046258503   -0.15786743164 
    0.0046485261   -0.15826416016 
    0.0046712018   -0.15203857422 
    0.0046938776   -0.14416503906 
    0.0047165533   -0.13482666016 
     0.004739229   -0.12661743164 
    0.0047619048   -0.11758422852 
    0.0047845805   -0.10284423828 
    0.0048072562  -0.089508056641 
     0.004829932  -0.077209472656 
    0.0048526077  -0.066772460938 
    0.0048752834  -0.059265136719 
    0.0048979592  -0.053771972656 
    0.0049206349  -0.050842285156 
    0.0049433107  -0.045837402344 
    0.0049659864  -0.038177490234 
    0.0049886621  -0.031890869141 
    0.0050113379  -0.026000976562 
    0.0050340136  -0.021514892578 
    0.0050566893  -0.019470214844 
    0.0050793651  -0.022399902344 
    0.0051020408  -0.028747558594 
    0.0051247166  -0.035247802734 
    0.0051473923  -0.041778564453 
     0.005170068  -0.055908203125 
    0.0051927438  -0.079620361328 
    0.0052154195   -0.10687255859 
    0.0052380952   -0.13128662109 
     0.005260771   -0.15182495117 
    0.0052834467   -0.17007446289 
    0.0053061224   -0.19055175781 
    0.0053287982   -0.21356201172 
    0.0053514739   -0.23687744141 
    0.0053741497   -0.25875854492 
    0.0053968254   -0.27648925781 
    0.0054195011   -0.28756713867 
    0.0054421769   -0.29641723633 
    0.0054648526   -0.30477905273 
    0.0054875283   -0.31396484375 
    0.0055102041   -0.32305908203 
    0.0055328798   -0.32751464844 
    0.0055555556   -0.32675170898 
    0.0055782313   -0.32400512695 
     0.005600907   -0.31967163086 
    0.0056235828   -0.31478881836 
    0.0056462585   -0.31155395508 
    0.0056689342   -0.30587768555 
      0.00569161   -0.29501342773 
    0.0057142857   -0.28372192383 
    0.0057369615   -0.27581787109 
    0.0057596372   -0.26956176758 
    0.0057823129   -0.26470947266 
    0.0058049887   -0.25701904297 
    0.0058276644   -0.24197387695 
    0.0058503401   -0.22027587891 
    0.0058730159   -0.19116210938 
    0.0058956916   -0.15902709961 
    0.0059183673    -0.1286315918 
    0.0059410431  -0.098663330078 
    0.0059637188  -0.068328857422 
    0.0059863946  -0.035614013672 
