; Sample Rate 44100
; Channels 1
               0  -0.0032958984375 
   2.2675737e-05   0.015991210938 
   4.5351474e-05   0.034698486328 
   6.8027211e-05   0.051696777344 
   9.0702948e-05   0.065765380859 
   0.00011337868   0.076477050781 
   0.00013605442   0.084564208984 
   0.00015873016   0.090148925781 
    0.0001814059   0.094268798828 
   0.00020408163   0.096984863281 
   0.00022675737   0.097930908203 
   0.00024943311   0.097351074219 
   0.00027210884   0.095336914062 
   0.00029478458   0.092407226562 
   0.00031746032   0.088562011719 
   0.00034013605   0.084564208984 
   0.00036281179   0.080383300781 
   0.00038548753   0.075408935547 
   0.00040816327     0.0693359375 
     0.000430839   0.062377929688 
   0.00045351474   0.053955078125 
   0.00047619048   0.044799804688 
   0.00049886621   0.034515380859 
   0.00052154195   0.023590087891 
   0.00054421769   0.011383056641 
   0.00056689342  -0.0022583007812 
   0.00058956916  -0.017120361328 
    0.0006122449  -0.032592773438 
   0.00063492063  -0.047302246094 
   0.00065759637  -0.060302734375 
   0.00068027211  -0.071166992188 
   0.00070294785  -0.079528808594 
   0.00072562358  -0.085662841797 
   0.00074829932  -0.089660644531 
   0.00077097506     -0.091796875 
   0.00079365079  -0.090942382812 
   0.00081632653  -0.086273193359 
   0.00083900227  -0.077362060547 
     0.000861678  -0.064056396484 
   0.00088435374  -0.046081542969 
   0.00090702948  -0.024200439453 
   0.00092970522  0.0010375976562 
   0.00095238095   0.029571533203 
   0.00097505669   0.061462402344 
   0.00099773243   0.096130371094 
    0.0010204082    0.13418579102 
    0.0010430839    0.17459106445 
    0.0010657596    0.21685791016 
    0.0010884354    0.25869750977 
    0.0011111111    0.29632568359 
    0.0011337868    0.32522583008 
    0.0011564626    0.34124755859 
    0.0011791383    0.34158325195 
    0.0012018141    0.32568359375 
    0.0012244898    0.29455566406 
    0.0012471655    0.25094604492 
    0.0012698413    0.19869995117 
     0.001292517    0.14138793945 
    0.0013151927   0.083190917969 
    0.0013378685   0.027221679688 
    0.0013605442  -0.023376464844 
      0.00138322  -0.066253662109 
    0.0014058957  -0.099365234375 
    0.0014285714   -0.12161254883 
    0.0014512472   -0.13256835938 
    0.0014739229   -0.13287353516 
    0.0014965986    -0.1240234375 
    0.0015192744   -0.10775756836 
    0.0015419501  -0.086273193359 
    0.0015646259  -0.061889648438 
    0.0015873016  -0.035308837891 
    0.0016099773    -0.0068359375 
    0.0016326531   0.023010253906 
    0.0016553288   0.053741455078 
    0.0016780045   0.084320068359 
    0.0017006803    0.11401367188 
     0.001723356    0.14202880859 
    0.0017460317    0.16845703125 
    0.0017687075    0.19268798828 
    0.0017913832    0.21469116211 
     0.001814059    0.23425292969 
    0.0018367347    0.25048828125 
    0.0018594104    0.26315307617 
    0.0018820862    0.27032470703 
    0.0019047619    0.27032470703 
    0.0019274376    0.26037597656 
    0.0019501134    0.23983764648 
    0.0019727891    0.20803833008 
    0.0019954649    0.16558837891 
    0.0020181406    0.11468505859 
    0.0020408163   0.057739257812 
    0.0020634921  -0.0011596679688 
    0.0020861678  -0.057830810547 
    0.0021088435    -0.1086730957 
    0.0021315193   -0.15151977539 
     0.002154195   -0.18453979492 
    0.0021768707   -0.20727539062 
    0.0021995465   -0.22039794922 
    0.0022222222     -0.224609375 
     0.002244898   -0.22134399414 
    0.0022675737   -0.21231079102 
    0.0022902494   -0.19946289062 
    0.0023129252    -0.1838684082 
    0.0023356009   -0.16604614258 
    0.0023582766   -0.14712524414 
    0.0023809524   -0.12799072266 
    0.0024036281   -0.10977172852 
    0.0024263039   -0.09326171875 
    0.0024489796  -0.078857421875 
    0.0024716553  -0.067443847656 
    0.0024943311  -0.058776855469 
    0.0025170068  -0.052551269531 
    0.0025396825  -0.047943115234 
    0.0025623583  -0.043975830078 
     0.002585034  -0.039581298828 
    0.0026077098  -0.033874511719 
    0.0026303855  -0.027221679688 
    0.0026530612  -0.019958496094 
     0.002675737  -0.012176513672 
    0.0026984127  -0.0062561035156 
    0.0027210884  -0.001708984375 
    0.0027437642  0.00021362304688 
    0.0027664399  -0.00064086914062 
    0.0027891156  -0.0036926269531 
    0.0028117914  -0.008544921875 
    0.0028344671  -0.014282226562 
    0.0028571429  -0.019958496094 
    0.0028798186  -0.024475097656 
    0.0029024943  -0.027404785156 
    0.0029251701    -0.0283203125 
    0.0029478458  -0.027557373047 
    0.0029705215  -0.025085449219 
    0.0029931973   -0.02197265625 
     0.003015873  -0.018615722656 
    0.0030385488  -0.015411376953 
    0.0030612245  -0.013122558594 
    0.0030839002      -0.01171875 
     0.003106576  -0.011627197266 
    0.0031292517  -0.012847900391 
    0.0031519274  -0.016021728516 
    0.0031746032  -0.020721435547 
    0.0031972789  -0.025909423828 
    0.0032199546  -0.030334472656 
    0.0032426304     -0.033203125 
    0.0032653061  -0.034149169922 
    0.0032879819  -0.032592773438 
    0.0033106576    -0.0283203125 
    0.0033333333  -0.021636962891 
    0.0033560091  -0.012420654297 
    0.0033786848  -0.0025024414062 
    0.0034013605   0.007568359375 
    0.0034240363   0.016540527344 
     0.003446712   0.023864746094 
    0.0034693878    0.02978515625 
    0.0034920635   0.034027099609 
    0.0035147392   0.036590576172 
     0.003537415   0.036926269531 
    0.0035600907   0.035430908203 
    0.0035827664   0.032287597656 
    0.0036054422   0.027740478516 
    0.0036281179   0.021850585938 
    0.0036507937   0.014678955078 
    0.0036734694  0.0064392089844 
    0.0036961451  -0.0039367675781 
    0.0037188209  -0.016021728516 
    0.0037414966  -0.028900146484 
    0.0037641723  -0.040771484375 
    0.0037868481  -0.049743652344 
    0.0038095238  -0.054779052734 
    0.0038321995  -0.055847167969 
    0.0038548753  -0.053588867188 
     0.003877551  -0.049926757812 
    0.0039002268   -0.04638671875 
    0.0039229025  -0.043182373047 
    0.0039455782    -0.0400390625 
     0.003968254  -0.036407470703 
    0.0039909297  -0.032012939453 
    0.0040136054  -0.027893066406 
    0.0040362812  -0.024108886719 
    0.0040589569  -0.021545410156 
    0.0040816327  -0.020874023438 
    0.0041043084  -0.022186279297 
    0.0041269841  -0.025177001953 
    0.0041496599   -0.03076171875 
    0.0041723356  -0.039367675781 
    0.0041950113  -0.050598144531 
    0.0042176871  -0.064208984375 
    0.0042403628  -0.078491210938 
    0.0042630385  -0.091583251953 
    0.0042857143   -0.10208129883 
      0.00430839   -0.10913085938 
    0.0043310658   -0.11221313477 
    0.0043537415   -0.11209106445 
    0.0043764172   -0.10971069336 
     0.004399093   -0.10559082031 
    0.0044217687   -0.10006713867 
    0.0044444444  -0.093444824219 
    0.0044671202  -0.085327148438 
    0.0044897959  -0.075531005859 
    0.0045124717  -0.063629150391 
    0.0045351474  -0.050567626953 
    0.0045578231  -0.037475585938 
    0.0045804989  -0.025756835938 
    0.0046031746  -0.016571044922 
    0.0046258503  -0.0098266601562 
    0.0046485261  -0.0047607421875 
    0.0046712018   -0.00048828125 
    0.0046938776  0.0036315917969 
    0.0047165533  0.0073852539062 
     0.004739229   0.010772705078 
    0.0047619048   0.012512207031 
    0.0047845805   0.012145996094 
    0.0048072562   0.010192871094 
     0.004829932  0.0067749023438 
    0.0048526077  0.0030822753906 
    0.0048752834  -0.0010070800781 
    0.0048979592  -0.0051574707031 
    0.0049206349  -0.0091857910156 
    0.0049433107  -0.013488769531 
    0.0049659864     -0.017578125 
    0.0049886621  -0.020904541016 
    0.0050113379  -0.023651123047 
    0.0050340136  -0.025634765625 
    0.0050566893  -0.026550292969 
    0.0050793651  -0.026031494141 
    0.0051020408  -0.024505615234 
    0.0051247166  -0.021759033203 
    0.0051473923  -0.017822265625 
     0.005170068  -0.012329101562 
    0.0051927438  -0.0053405761719 
    0.0052154195  0.0037536621094 
    0.0052380952   0.014709472656 
     0.005260771   0.027435302734 
    0.0052834467   0.040863037109 
    0.0053061224   0.053833007812 
    0.0053287982   0.065124511719 
    0.0053514739   0.073425292969 
    0.0053741497   0.077880859375 
    0.0053968254   0.078186035156 
    0.0054195011    0.07470703125 
    0.0054421769    0.06787109375 
    0.0054648526   0.058502197266 
    0.0054875283   0.046691894531 
    0.0055102041   0.033386230469 
    0.0055328798   0.019195556641 
    0.0055555556  0.0041198730469 
    0.0055782313  -0.0093383789062 
     0.005600907  -0.021087646484 
    0.0056235828  -0.030029296875 
    0.0056462585  -0.036193847656 
    0.0056689342  -0.040008544922 
      0.00569161  -0.041625976562 
    0.0057142857      -0.04296875 
    0.0057369615  -0.044342041016 
    0.0057596372  -0.047088623047 
    0.0057823129  -0.051055908203 
    0.0058049887  -0.056091308594 
    0.0058276644  -0.061706542969 
    0.0058503401  -0.066772460938 
    0.0058730159  -0.070556640625 
    0.0058956916  -0.072967529297 
    0.0059183673  -0.073852539062 
    0.0059410431  -0.073699951172 
    0.0059637188  -0.072235107422 
    0.0059863946  -0.068634033203 
    0.0060090703  -0.061553955078 
     0.006031746  -0.050537109375 
    0.0060544218  -0.035980224609 
    0.0060770975  -0.018463134766 
