; Sample Rate 44100
; Channels 1
               0  0.00082397460938 
   2.2675737e-05   0.020141601562 
   4.5351474e-05   0.038360595703 
   6.8027211e-05   0.054412841797 
   9.0702948e-05   0.067443847656 
   0.00011337868   0.077514648438 
   0.00013605442   0.084442138672 
   0.00015873016   0.089477539062 
    0.0001814059   0.092895507812 
   0.00020408163   0.094970703125 
   0.00022675737   0.095611572266 
   0.00024943311   0.095062255859 
   0.00027210884   0.092987060547 
   0.00029478458   0.089752197266 
   0.00031746032   0.085632324219 
   0.00034013605   0.080841064453 
   0.00036281179   0.075592041016 
   0.00038548753   0.069915771484 
   0.00040816327   0.063140869141 
     0.000430839   0.054901123047 
   0.00045351474   0.045806884766 
   0.00047619048   0.036254882812 
   0.00049886621   0.026458740234 
   0.00052154195   0.016845703125 
   0.00054421769  0.0067749023438 
   0.00056689342  -0.0041198730469 
   0.00058956916  -0.016052246094 
    0.0006122449  -0.028442382812 
   0.00063492063  -0.040863037109 
   0.00065759637  -0.052459716797 
   0.00068027211  -0.062744140625 
   0.00070294785  -0.071228027344 
   0.00072562358  -0.078033447266 
   0.00074829932  -0.082794189453 
   0.00077097506  -0.085205078125 
   0.00079365079  -0.084381103516 
   0.00081632653  -0.079864501953 
   0.00083900227  -0.070465087891 
     0.000861678  -0.055847167969 
   0.00088435374  -0.036590576172 
   0.00090702948  -0.012969970703 
   0.00092970522   0.014801025391 
   0.00095238095   0.046295166016 
   0.00097505669   0.081085205078 
   0.00099773243    0.11868286133 
    0.0010204082    0.15908813477 
    0.0010430839    0.20086669922 
    0.0010657596    0.24279785156 
    0.0010884354    0.28164672852 
    0.0011111111    0.31350708008 
    0.0011337868    0.33401489258 
    0.0011564626    0.34027099609 
    0.0011791383    0.33029174805 
    0.0012018141        0.3046875 
    0.0012244898    0.26586914062 
    0.0012471655    0.21682739258 
    0.0012698413    0.16189575195 
     0.001292517     0.1047668457 
    0.0013151927   0.048614501953 
    0.0013378685  -0.0034484863281 
    0.0013605442  -0.049438476562 
      0.00138322  -0.086700439453 
    0.0014058957   -0.11395263672 
    0.0014285714   -0.13064575195 
    0.0014512472   -0.13687133789 
    0.0014739229   -0.13333129883 
    0.0014965986   -0.12139892578 
    0.0015192744   -0.10266113281 
    0.0015419501  -0.078887939453 
    0.0015646259     -0.052734375 
    0.0015873016  -0.024383544922 
    0.0016099773  0.0055541992188 
    0.0016326531   0.036926269531 
    0.0016553288   0.068969726562 
    0.0016780045    0.10101318359 
    0.0017006803    0.13153076172 
     0.001723356    0.16061401367 
    0.0017460317           0.1875 
    0.0017687075    0.21176147461 
    0.0017913832    0.23303222656 
     0.001814059    0.25073242188 
    0.0018367347    0.26428222656 
    0.0018594104    0.27291870117 
    0.0018820862    0.27502441406 
    0.0019047619    0.26876831055 
    0.0019274376    0.25247192383 
    0.0019501134    0.22543334961 
    0.0019727891    0.18756103516 
    0.0019954649    0.14007568359 
    0.0020181406   0.085754394531 
    0.0020408163   0.027404785156 
    0.0020634921  -0.031372070312 
    0.0020861678  -0.086212158203 
    0.0021088435   -0.13433837891 
    0.0021315193   -0.17309570312 
     0.002154195    -0.2018737793 
    0.0021768707   -0.22088623047 
    0.0021995465   -0.22991943359 
    0.0022222222   -0.23056030273 
     0.002244898   -0.22463989258 
    0.0022675737   -0.21304321289 
    0.0022902494   -0.19790649414 
    0.0023129252   -0.18017578125 
    0.0023356009    -0.1611328125 
    0.0023582766   -0.14102172852 
    0.0023809524   -0.12161254883 
    0.0024036281   -0.10342407227 
    0.0024263039  -0.086975097656 
    0.0024489796  -0.072357177734 
    0.0024716553  -0.060211181641 
    0.0024943311   -0.05029296875 
    0.0025170068  -0.042724609375 
    0.0025396825  -0.036682128906 
    0.0025623583  -0.031555175781 
     0.002585034    -0.0263671875 
    0.0026077098  -0.020629882812 
    0.0026303855  -0.014526367188 
    0.0026530612  -0.0077819824219 
     0.002675737  -0.0019836425781 
    0.0026984127  0.0021667480469 
    0.0027210884  0.0040283203125 
    0.0027437642   0.003173828125 
    0.0027664399  -9.1552734375e-05 
    0.0027891156  -0.0047912597656 
    0.0028117914  -0.011047363281 
    0.0028344671  -0.017517089844 
    0.0028571429   -0.02392578125 
    0.0028798186  -0.029083251953 
    0.0029024943  -0.032012939453 
    0.0029251701  -0.032806396484 
    0.0029478458  -0.031372070312 
    0.0029705215  -0.028137207031 
    0.0029931973  -0.024017333984 
     0.003015873  -0.019500732422 
    0.0030385488  -0.015533447266 
    0.0030612245  -0.012756347656 
    0.0030839002  -0.011291503906 
     0.003106576  -0.010955810547 
    0.0031292517  -0.012786865234 
    0.0031519274  -0.016693115234 
    0.0031746032  -0.021728515625 
    0.0031972789  -0.027160644531 
    0.0032199546  -0.031677246094 
    0.0032426304  -0.034698486328 
    0.0032653061  -0.035339355469 
    0.0032879819  -0.033111572266 
    0.0033106576  -0.028228759766 
    0.0033333333  -0.020935058594 
    0.0033560091  -0.011505126953 
    0.0033786848  -0.0014343261719 
    0.0034013605  0.0087585449219 
    0.0034240363   0.017791748047 
     0.003446712   0.024993896484 
    0.0034693878   0.030548095703 
    0.0034920635   0.033386230469 
    0.0035147392   0.034027099609 
     0.003537415   0.032653808594 
    0.0035600907   0.029418945312 
    0.0035827664   0.024810791016 
    0.0036054422   0.019348144531 
    0.0036281179   0.012634277344 
    0.0036507937  0.0051879882812 
    0.0036734694  -0.0038757324219 
    0.0036961451  -0.014465332031 
    0.0037188209  -0.026123046875 
    0.0037414966  -0.038360595703 
    0.0037641723  -0.049255371094 
    0.0037868481  -0.057281494141 
    0.0038095238  -0.061798095703 
    0.0038321995  -0.062774658203 
    0.0038548753  -0.061218261719 
     0.003877551  -0.058441162109 
    0.0039002268  -0.055419921875 
    0.0039229025  -0.052154541016 
    0.0039455782  -0.048400878906 
     0.003968254  -0.043182373047 
    0.0039909297  -0.036834716797 
    0.0040136054  -0.029479980469 
    0.0040362812  -0.022186279297 
    0.0040589569  -0.016754150391 
    0.0040816327  -0.013641357422 
    0.0041043084  -0.013305664062 
    0.0041269841  -0.015594482422 
    0.0041496599  -0.020660400391 
    0.0041723356  -0.029235839844 
    0.0041950113  -0.041320800781 
    0.0042176871  -0.055938720703 
    0.0042403628  -0.071441650391 
    0.0042630385  -0.085968017578 
    0.0042857143  -0.098358154297 
      0.00430839   -0.10705566406 
    0.0043310658   -0.11190795898 
    0.0043537415   -0.11343383789 
    0.0043764172   -0.11236572266 
     0.004399093   -0.10952758789 
    0.0044217687   -0.10504150391 
    0.0044444444   -0.09912109375 
    0.0044671202  -0.091278076172 
    0.0044897959  -0.080932617188 
    0.0045124717  -0.068664550781 
    0.0045351474  -0.054870605469 
    0.0045578231  -0.041198730469 
    0.0045804989  -0.028839111328 
    0.0046031746  -0.018615722656 
    0.0046258503  -0.010620117188 
    0.0046485261  -0.0046081542969 
    0.0046712018  0.0012817382812 
    0.0046938776  0.0066833496094 
    0.0047165533   0.011596679688 
     0.004739229   0.015472412109 
    0.0047619048   0.017181396484 
    0.0047845805   0.016510009766 
    0.0048072562     0.0146484375 
     0.004829932   0.011108398438 
    0.0048526077  0.0068054199219 
    0.0048752834  0.0020751953125 
    0.0048979592  -0.0027465820312 
    0.0049206349  -0.0082702636719 
    0.0049433107  -0.013702392578 
    0.0049659864  -0.018737792969 
    0.0049886621  -0.023010253906 
    0.0050113379  -0.026184082031 
    0.0050340136  -0.028259277344 
    0.0050566893  -0.028961181641 
    0.0050793651  -0.028350830078 
    0.0051020408  -0.026641845703 
    0.0051247166  -0.023956298828 
    0.0051473923  -0.019683837891 
     0.005170068  -0.014282226562 
    0.0051927438  -0.0067443847656 
    0.0052154195  0.0025634765625 
    0.0052380952      0.013671875 
     0.005260771   0.026306152344 
    0.0052834467   0.039215087891 
    0.0053061224   0.051452636719 
    0.0053287982   0.062316894531 
    0.0053514739   0.069702148438 
    0.0053741497   0.073150634766 
    0.0053968254   0.072479248047 
    0.0054195011   0.068542480469 
    0.0054421769   0.061676025391 
    0.0054648526   0.052703857422 
    0.0054875283   0.042144775391 
    0.0055102041   0.030059814453 
    0.0055328798   0.016845703125 
    0.0055555556  0.0035095214844 
    0.0055782313  -0.0084838867188 
     0.005600907  -0.018341064453 
    0.0056235828  -0.025634765625 
    0.0056462585    -0.0302734375 
    0.0056689342  -0.032897949219 
      0.00569161  -0.034118652344 
    0.0057142857  -0.035186767578 
    0.0057369615  -0.036590576172 
    0.0057596372  -0.039306640625 
    0.0057823129  -0.044097900391 
    0.0058049887  -0.050445556641 
    0.0058276644  -0.057250976562 
    0.0058503401  -0.063598632812 
    0.0058730159  -0.068542480469 
    0.0058956916   -0.07177734375 
    0.0059183673  -0.073516845703 
    0.0059410431  -0.073699951172 
    0.0059637188  -0.072174072266 
    0.0059863946  -0.067810058594 
    0.0060090703  -0.059509277344 
     0.006031746  -0.047027587891 
    0.0060544218  -0.031402587891 
