; Sample Rate 44100
; Channels 1
               0  0.00054931640625 
   2.2675737e-05   0.019592285156 
   4.5351474e-05   0.037414550781 
   6.8027211e-05   0.053100585938 
   9.0702948e-05   0.065795898438 
   0.00011337868   0.075469970703 
   0.00013605442   0.082702636719 
   0.00015873016   0.087707519531 
    0.0001814059   0.090972900391 
   0.00020408163   0.092742919922 
   0.00022675737   0.092987060547 
   0.00024943311   0.091888427734 
   0.00027210884   0.089660644531 
   0.00029478458   0.086608886719 
   0.00031746032     0.0830078125 
   0.00034013605   0.079254150391 
   0.00036281179   0.075408935547 
   0.00038548753   0.071136474609 
   0.00040816327   0.065704345703 
     0.000430839   0.059265136719 
   0.00045351474   0.051452636719 
   0.00047619048   0.042633056641 
   0.00049886621   0.033294677734 
   0.00052154195   0.023498535156 
   0.00054421769   0.012969970703 
   0.00056689342  0.0010070800781 
   0.00058956916  -0.012115478516 
    0.0006122449  -0.026214599609 
   0.00063492063  -0.040100097656 
   0.00065759637  -0.053344726562 
   0.00068027211  -0.064849853516 
   0.00070294785  -0.074462890625 
   0.00072562358  -0.081573486328 
   0.00074829932  -0.086639404297 
   0.00077097506  -0.089019775391 
   0.00079365079  -0.088226318359 
   0.00081632653  -0.083648681641 
   0.00083900227  -0.074523925781 
     0.000861678  -0.060821533203 
   0.00088435374  -0.042846679688 
   0.00090702948  -0.021087646484 
   0.00092970522  0.0039978027344 
   0.00095238095   0.032379150391 
   0.00097505669   0.063262939453 
   0.00099773243   0.096801757812 
    0.0010204082     0.1330871582 
    0.0010430839    0.17129516602 
    0.0010657596    0.21099853516 
    0.0010884354    0.25003051758 
    0.0011111111    0.28536987305 
    0.0011337868    0.31344604492 
    0.0011564626    0.32955932617 
    0.0011791383    0.33123779297 
    0.0012018141    0.31741333008 
    0.0012244898    0.28848266602 
    0.0012471655    0.24694824219 
    0.0012698413    0.19671630859 
     0.001292517    0.14114379883 
    0.0013151927   0.084045410156 
    0.0013378685   0.028350830078 
    0.0013605442  -0.022613525391 
      0.00138322  -0.066192626953 
    0.0014058957   -0.10049438477 
    0.0014285714    -0.1240234375 
    0.0014512472   -0.13632202148 
    0.0014739229   -0.13739013672 
    0.0014965986   -0.12857055664 
    0.0015192744   -0.11181640625 
    0.0015419501   -0.08935546875 
    0.0015646259  -0.063354492188 
    0.0015873016  -0.034851074219 
    0.0016099773   -0.00439453125 
    0.0016326531   0.027099609375 
    0.0016553288   0.058502197266 
    0.0016780045   0.089233398438 
    0.0017006803    0.11849975586 
     0.001723356    0.14605712891 
    0.0017460317    0.17150878906 
    0.0017687075    0.19470214844 
    0.0017913832    0.21499633789 
     0.001814059    0.23229980469 
    0.0018367347    0.24642944336 
    0.0018594104    0.25662231445 
    0.0018820862     0.2619934082 
    0.0019047619    0.26086425781 
    0.0019274376    0.25091552734 
    0.0019501134    0.23059082031 
    0.0019727891    0.19970703125 
    0.0019954649    0.15884399414 
    0.0020181406    0.10919189453 
    0.0020408163   0.053680419922 
    0.0020634921  -0.0039672851562 
    0.0020861678  -0.059173583984 
    0.0021088435   -0.10928344727 
    0.0021315193   -0.15151977539 
     0.002154195   -0.18441772461 
    0.0021768707   -0.20727539062 
    0.0021995465   -0.22033691406 
    0.0022222222   -0.22451782227 
     0.002244898   -0.22082519531 
    0.0022675737   -0.21145629883 
    0.0022902494   -0.19815063477 
    0.0023129252   -0.18215942383 
    0.0023356009   -0.16397094727 
    0.0023582766   -0.14450073242 
    0.0023809524   -0.12481689453 
    0.0024036281   -0.10571289062 
    0.0024263039  -0.089172363281 
    0.0024489796  -0.075164794922 
    0.0024716553  -0.064361572266 
    0.0024943311  -0.055969238281 
    0.0025170068  -0.050018310547 
    0.0025396825  -0.045684814453 
    0.0025623583    -0.0419921875 
     0.002585034  -0.038024902344 
    0.0026077098  -0.033355712891 
    0.0026303855  -0.027435302734 
    0.0026530612  -0.020660400391 
     0.002675737  -0.013977050781 
    0.0026984127  -0.0084533691406 
    0.0027210884  -0.0050659179688 
    0.0027437642   -0.00341796875 
    0.0027664399  -0.0043334960938 
    0.0027891156  -0.0066223144531 
    0.0028117914    -0.0107421875 
    0.0028344671   -0.01611328125 
    0.0028571429  -0.021301269531 
    0.0028798186  -0.026000976562 
    0.0029024943  -0.029174804688 
    0.0029251701  -0.030303955078 
    0.0029478458  -0.029418945312 
    0.0029705215  -0.027008056641 
    0.0029931973  -0.023559570312 
     0.003015873   -0.02001953125 
    0.0030385488  -0.017364501953 
    0.0030612245  -0.015228271484 
    0.0030839002  -0.014221191406 
     0.003106576  -0.013977050781 
    0.0031292517  -0.014862060547 
    0.0031519274  -0.016967773438 
    0.0031746032  -0.020629882812 
    0.0031972789  -0.024383544922 
    0.0032199546  -0.027679443359 
    0.0032426304  -0.029663085938 
    0.0032653061   -0.02978515625 
    0.0032879819  -0.027801513672 
    0.0033106576  -0.023468017578 
    0.0033333333   -0.01708984375 
    0.0033560091  -0.0090026855469 
    0.0033786848  -0.00021362304688 
    0.0034013605  0.0081176757812 
    0.0034240363   0.015808105469 
     0.003446712   0.021881103516 
    0.0034693878   0.026519775391 
    0.0034920635   0.029327392578 
    0.0035147392   0.030334472656 
     0.003537415   0.029724121094 
    0.0035600907   0.027526855469 
    0.0035827664   0.024688720703 
    0.0036054422   0.021026611328 
    0.0036281179     0.0166015625 
    0.0036507937   0.010681152344 
    0.0036734694  0.0031127929688 
    0.0036961451  -0.0066528320312 
    0.0037188209  -0.018707275391 
    0.0037414966  -0.031768798828 
    0.0037641723  -0.043243408203 
    0.0037868481  -0.051544189453 
    0.0038095238  -0.056304931641 
    0.0038321995  -0.057312011719 
    0.0038548753    -0.0556640625 
     0.003877551  -0.053039550781 
    0.0039002268  -0.050018310547 
    0.0039229025  -0.046661376953 
    0.0039455782  -0.042449951172 
     0.003968254  -0.037353515625 
    0.0039909297  -0.031494140625 
    0.0040136054  -0.025543212891 
    0.0040362812  -0.019989013672 
    0.0040589569  -0.015991210938 
    0.0040816327  -0.013763427734 
    0.0041043084  -0.014068603516 
    0.0041269841  -0.016754150391 
    0.0041496599  -0.022277832031 
    0.0041723356  -0.031951904297 
    0.0041950113  -0.045013427734 
    0.0042176871  -0.060729980469 
    0.0042403628  -0.076629638672 
    0.0042630385  -0.091217041016 
    0.0042857143   -0.10272216797 
      0.00430839   -0.11032104492 
    0.0043310658   -0.11364746094 
    0.0043537415   -0.11370849609 
    0.0043764172   -0.11108398438 
     0.004399093   -0.10720825195 
    0.0044217687   -0.10229492188 
    0.0044444444  -0.096099853516 
    0.0044671202  -0.088592529297 
    0.0044897959  -0.079071044922 
    0.0045124717    -0.0673828125 
    0.0045351474  -0.054534912109 
    0.0045578231  -0.041473388672 
    0.0045804989  -0.029663085938 
    0.0046031746  -0.019683837891 
    0.0046258503  -0.011688232422 
    0.0046485261  -0.0053405761719 
    0.0046712018  -9.1552734375e-05 
    0.0046938776  0.0050659179688 
    0.0047165533  0.0097961425781 
     0.004739229   0.013610839844 
    0.0047619048   0.015686035156 
    0.0047845805   0.015808105469 
    0.0048072562   0.014373779297 
     0.004829932   0.011749267578 
    0.0048526077  0.0081176757812 
    0.0048752834  0.0040893554688 
    0.0048979592  -0.0006103515625 
    0.0049206349  -0.0051879882812 
    0.0049433107  -0.0097045898438 
    0.0049659864  -0.013793945312 
    0.0049886621  -0.017456054688 
    0.0050113379  -0.020538330078 
    0.0050340136  -0.023254394531 
    0.0050566893  -0.024627685547 
    0.0050793651  -0.024932861328 
    0.0051020408  -0.023376464844 
    0.0051247166    -0.0205078125 
    0.0051473923  -0.016662597656 
     0.005170068  -0.011596679688 
    0.0051927438  -0.0055847167969 
    0.0052154195  0.0024108886719 
    0.0052380952   0.012237548828 
     0.005260771   0.023864746094 
    0.0052834467   0.036407470703 
    0.0053061224   0.049041748047 
    0.0053287982   0.059936523438 
    0.0053514739   0.068023681641 
    0.0053741497   0.072723388672 
    0.0053968254   0.073364257812 
    0.0054195011   0.070678710938 
    0.0054421769   0.065216064453 
    0.0054648526   0.057037353516 
    0.0054875283   0.046844482422 
    0.0055102041   0.034759521484 
    0.0055328798   0.021209716797 
    0.0055555556  0.0076904296875 
    0.0055782313  -0.0050659179688 
     0.005600907   -0.01611328125 
    0.0056235828  -0.024597167969 
    0.0056462585  -0.030853271484 
    0.0056689342  -0.035095214844 
      0.00569161  -0.037841796875 
    0.0057142857  -0.039855957031 
    0.0057369615  -0.041839599609 
    0.0057596372   -0.04443359375 
    0.0057823129  -0.048248291016 
    0.0058049887  -0.053161621094 
    0.0058276644  -0.058471679688 
    0.0058503401  -0.063720703125 
    0.0058730159  -0.067779541016 
    0.0058956916  -0.070465087891 
    0.0059183673  -0.072143554688 
    0.0059410431  -0.072845458984 
    0.0059637188  -0.071990966797 
    0.0059863946  -0.068664550781 
    0.0060090703  -0.061553955078 
     0.006031746  -0.050384521484 
    0.0060544218   -0.03564453125 
    0.0060770975  -0.018341064453 
