; Sample Rate 44100
; Channels 1
               0  -0.0028381347656 
   2.2675737e-05   0.017822265625 
   4.5351474e-05   0.037994384766 
   6.8027211e-05   0.056060791016 
   9.0702948e-05   0.071014404297 
   0.00011337868   0.082733154297 
   0.00013605442   0.091461181641 
   0.00015873016   0.097290039062 
    0.0001814059    0.10089111328 
   0.00020408163    0.10247802734 
   0.00022675737     0.1022644043 
   0.00024943311    0.10049438477 
   0.00027210884   0.097198486328 
   0.00029478458   0.093170166016 
   0.00031746032   0.088745117188 
   0.00034013605   0.084228515625 
   0.00036281179   0.080139160156 
   0.00038548753   0.075805664062 
   0.00040816327   0.070678710938 
     0.000430839   0.064422607422 
   0.00045351474   0.057220458984 
   0.00047619048   0.048492431641 
   0.00049886621   0.038543701172 
   0.00052154195   0.027099609375 
   0.00054421769   0.013854980469 
   0.00056689342   -0.00146484375 
   0.00058956916  -0.018157958984 
    0.0006122449  -0.035095214844 
   0.00063492063    -0.0517578125 
   0.00065759637  -0.066345214844 
   0.00068027211  -0.078643798828 
   0.00070294785  -0.088226318359 
   0.00072562358  -0.095031738281 
   0.00074829932  -0.098846435547 
   0.00077097506   -0.10015869141 
   0.00079365079  -0.098236083984 
   0.00081632653  -0.092681884766 
   0.00083900227  -0.082794189453 
     0.000861678  -0.068542480469 
   0.00088435374  -0.049896240234 
   0.00090702948  -0.027435302734 
   0.00092970522  -0.0018920898438 
   0.00095238095   0.026275634766 
   0.00097505669   0.057281494141 
   0.00099773243    0.09130859375 
    0.0010204082    0.12878417969 
    0.0010430839    0.16915893555 
    0.0010657596    0.21176147461 
    0.0010884354    0.25442504883 
    0.0011111111    0.29406738281 
    0.0011337868    0.32592773438 
    0.0011564626    0.34600830078 
    0.0011791383    0.35061645508 
    0.0012018141    0.33834838867 
    0.0012244898    0.30996704102 
    0.0012471655    0.26824951172 
    0.0012698413    0.21633911133 
     0.001292517    0.15872192383 
    0.0013151927   0.099060058594 
    0.0013378685   0.040405273438 
    0.0013605442  -0.013854980469 
      0.00138322  -0.060943603516 
    0.0014058957  -0.098602294922 
    0.0014285714   -0.12515258789 
    0.0014512472   -0.14013671875 
    0.0014739229   -0.14367675781 
    0.0014965986   -0.13681030273 
    0.0015192744   -0.12164306641 
    0.0015419501   -0.10079956055 
    0.0015646259  -0.076049804688 
    0.0015873016  -0.048767089844 
    0.0016099773  -0.018981933594 
    0.0016326531   0.012664794922 
    0.0016553288   0.045532226562 
    0.0016780045   0.078308105469 
    0.0017006803    0.11041259766 
     0.001723356     0.1408996582 
    0.0017460317     0.1696472168 
    0.0017687075    0.19610595703 
    0.0017913832    0.21957397461 
     0.001814059    0.23989868164 
    0.0018367347    0.25695800781 
    0.0018594104    0.26959228516 
    0.0018820862    0.27713012695 
    0.0019047619    0.27770996094 
    0.0019274376    0.26956176758 
    0.0019501134    0.25051879883 
    0.0019727891    0.21997070312 
    0.0019954649    0.17858886719 
    0.0020181406    0.12805175781 
    0.0020408163   0.071472167969 
    0.0020634921   0.012298583984 
    0.0020861678  -0.045959472656 
    0.0021088435  -0.099426269531 
    0.0021315193   -0.14520263672 
     0.002154195   -0.18151855469 
    0.0021768707   -0.20706176758 
    0.0021995465   -0.22201538086 
    0.0022222222   -0.22750854492 
     0.002244898   -0.22528076172 
    0.0022675737   -0.21673583984 
    0.0022902494   -0.20385742188 
    0.0023129252   -0.18768310547 
    0.0023356009   -0.16998291016 
    0.0023582766   -0.15069580078 
    0.0023809524   -0.13122558594 
    0.0024036281   -0.11270141602 
    0.0024263039   -0.09619140625 
    0.0024489796  -0.081878662109 
    0.0024716553  -0.070495605469 
    0.0024943311   -0.06201171875 
    0.0025170068  -0.055877685547 
    0.0025396825  -0.051391601562 
    0.0025623583  -0.047637939453 
     0.002585034  -0.043731689453 
    0.0026077098  -0.038635253906 
    0.0026303855  -0.032623291016 
    0.0026530612  -0.025909423828 
     0.002675737  -0.018646240234 
    0.0026984127  -0.011779785156 
    0.0027210884  -0.0066223144531 
    0.0027437642  -0.0032348632812 
    0.0027664399  -0.0025939941406 
    0.0027891156  -0.0035095214844 
    0.0028117914  -0.0068054199219 
    0.0028344671   -0.01123046875 
    0.0028571429  -0.016448974609 
    0.0028798186  -0.021575927734 
    0.0029024943  -0.025634765625 
    0.0029251701  -0.027954101562 
    0.0029478458   -0.02880859375 
    0.0029705215  -0.028045654297 
    0.0029931973  -0.026306152344 
     0.003015873  -0.023773193359 
    0.0030385488  -0.020751953125 
    0.0030612245  -0.017761230469 
    0.0030839002        -0.015625 
     0.003106576  -0.014556884766 
    0.0031292517  -0.015319824219 
    0.0031519274  -0.017395019531 
    0.0031746032    -0.0205078125 
    0.0031972789  -0.024322509766 
    0.0032199546  -0.027984619141 
    0.0032426304  -0.030395507812 
    0.0032653061  -0.031402587891 
    0.0032879819  -0.030700683594 
    0.0033106576  -0.027374267578 
    0.0033333333     -0.021484375 
    0.0033560091  -0.012939453125 
    0.0033786848  -0.0034790039062 
    0.0034013605  0.0062255859375 
    0.0034240363   0.015014648438 
     0.003446712   0.022308349609 
    0.0034693878   0.028228759766 
    0.0034920635   0.032287597656 
    0.0035147392       0.03515625 
     0.003537415   0.036437988281 
    0.0035600907   0.035919189453 
    0.0035827664   0.033599853516 
    0.0036054422   0.029479980469 
    0.0036281179        0.0234375 
    0.0036507937   0.015716552734 
    0.0036734694  0.0065307617188 
    0.0036961451  -0.0044555664062 
    0.0037188209  -0.017059326172 
    0.0037414966  -0.030364990234 
    0.0037641723  -0.042907714844 
    0.0037868481  -0.052673339844 
    0.0038095238  -0.057891845703 
    0.0038321995  -0.058959960938 
    0.0038548753  -0.056427001953 
     0.003877551  -0.051788330078 
    0.0039002268  -0.046081542969 
    0.0039229025  -0.040374755859 
    0.0039455782  -0.034362792969 
     0.003968254  -0.028381347656 
    0.0039909297   -0.02294921875 
    0.0040136054  -0.018280029297 
    0.0040362812  -0.015289306641 
    0.0040589569  -0.014465332031 
    0.0040816327  -0.015991210938 
    0.0041043084  -0.019500732422 
    0.0041269841  -0.024963378906 
    0.0041496599  -0.032684326172 
    0.0041723356  -0.042907714844 
    0.0041950113  -0.055847167969 
    0.0042176871  -0.070587158203 
    0.0042403628  -0.085815429688 
    0.0042630385  -0.099578857422 
    0.0042857143   -0.11019897461 
      0.00430839   -0.11660766602 
    0.0043310658   -0.11892700195 
    0.0043537415   -0.11773681641 
    0.0043764172   -0.11370849609 
     0.004399093   -0.10803222656 
    0.0044217687   -0.10079956055 
    0.0044444444  -0.092071533203 
    0.0044671202  -0.081756591797 
    0.0044897959  -0.069854736328 
    0.0045124717     -0.056640625 
    0.0045351474  -0.042633056641 
    0.0045578231  -0.029113769531 
    0.0045804989     -0.017578125 
    0.0046031746  -0.0092468261719 
    0.0046258503  -0.0036926269531 
    0.0046485261  -0.00030517578125 
    0.0046712018   0.002685546875 
    0.0046938776  0.0055541992188 
    0.0047165533     0.0087890625 
     0.004739229   0.010894775391 
    0.0047619048   0.011810302734 
    0.0047845805   0.011047363281 
    0.0048072562  0.0086364746094 
     0.004829932  0.0055541992188 
    0.0048526077  0.0011596679688 
    0.0048752834   -0.00341796875 
    0.0048979592  -0.0081787109375 
    0.0049206349  -0.012756347656 
    0.0049433107  -0.016906738281 
    0.0049659864  -0.020874023438 
    0.0049886621  -0.024475097656 
    0.0050113379  -0.027862548828 
    0.0050340136  -0.030181884766 
    0.0050566893  -0.031372070312 
    0.0050793651  -0.031311035156 
    0.0051020408  -0.030212402344 
    0.0051247166  -0.027191162109 
    0.0051473923  -0.023132324219 
     0.005170068  -0.016998291016 
    0.0051927438  -0.008544921875 
    0.0052154195  0.0022277832031 
    0.0052380952   0.014617919922 
     0.005260771   0.028717041016 
    0.0052834467   0.042846679688 
    0.0053061224   0.056488037109 
    0.0053287982   0.068267822266 
    0.0053514739   0.076568603516 
    0.0053741497   0.080474853516 
    0.0053968254   0.080505371094 
    0.0054195011   0.076934814453 
    0.0054421769   0.070159912109 
    0.0054648526   0.060974121094 
    0.0054875283   0.048980712891 
    0.0055102041   0.034942626953 
    0.0055328798   0.019775390625 
    0.0055555556  0.0046081542969 
    0.0055782313  -0.0096740722656 
     0.005600907   -0.02197265625 
    0.0056235828  -0.031372070312 
    0.0056462585  -0.038024902344 
    0.0056689342  -0.041564941406 
      0.00569161   -0.04345703125 
    0.0057142857  -0.044647216797 
    0.0057369615  -0.046081542969 
    0.0057596372  -0.048858642578 
    0.0057823129  -0.053131103516 
    0.0058049887  -0.058563232422 
    0.0058276644  -0.064178466797 
    0.0058503401   -0.06884765625 
    0.0058730159  -0.072052001953 
    0.0058956916      -0.07421875 
    0.0059183673  -0.075012207031 
    0.0059410431  -0.075286865234 
    0.0059637188  -0.074096679688 
    0.0059863946  -0.069915771484 
    0.0060090703  -0.061889648438 
     0.006031746  -0.049774169922 
    0.0060544218  -0.033996582031 
    0.0060770975  -0.015533447266 
