; Sample Rate 44100
; Channels 1
               0  0.0040283203125 
   2.2675737e-05  0.0037841796875 
   4.5351474e-05  0.0048217773438 
   6.8027211e-05  0.0067443847656 
   9.0702948e-05   0.010375976562 
   0.00011337868   0.014617919922 
   0.00013605442   0.019317626953 
   0.00015873016   0.024963378906 
    0.0001814059   0.030364990234 
   0.00020408163   0.035522460938 
   0.00022675737   0.040557861328 
   0.00024943311   0.045013427734 
   0.00027210884   0.048950195312 
   0.00029478458   0.052185058594 
   0.00031746032   0.054779052734 
   0.00034013605   0.057067871094 
   0.00036281179   0.058715820312 
   0.00038548753   0.060028076172 
   0.00040816327   0.060668945312 
     0.000430839   0.060363769531 
   0.00045351474   0.059234619141 
   0.00047619048   0.057159423828 
   0.00049886621   0.054229736328 
   0.00052154195   0.050598144531 
   0.00054421769   0.045623779297 
   0.00056689342   0.039703369141 
   0.00058956916   0.033752441406 
    0.0006122449   0.027282714844 
   0.00063492063   0.021026611328 
   0.00065759637   0.014617919922 
   0.00068027211  0.0082702636719 
   0.00070294785  0.0024108886719 
   0.00072562358  -0.003662109375 
   0.00074829932     -0.009765625 
   0.00077097506  -0.016296386719 
   0.00079365079  -0.023315429688 
   0.00081632653  -0.030487060547 
   0.00083900227  -0.037261962891 
     0.000861678  -0.044189453125 
   0.00088435374  -0.050354003906 
   0.00090702948  -0.055114746094 
   0.00092970522  -0.058685302734 
   0.00095238095  -0.059661865234 
   0.00097505669  -0.058837890625 
   0.00099773243  -0.055480957031 
    0.0010204082  -0.049438476562 
    0.0010430839  -0.040802001953 
    0.0010657596  -0.028869628906 
    0.0010884354  -0.013793945312 
    0.0011111111  0.0043029785156 
    0.0011337868   0.025299072266 
    0.0011564626   0.048706054688 
    0.0011791383   0.073577880859 
    0.0012018141   0.099487304688 
    0.0012244898    0.12539672852 
    0.0012471655    0.15084838867 
    0.0012698413    0.17504882812 
     0.001292517    0.19662475586 
    0.0013151927    0.21453857422 
    0.0013378685    0.22744750977 
    0.0013605442    0.23455810547 
      0.00138322     0.2353515625 
    0.0014058957    0.22924804688 
    0.0014285714    0.21594238281 
    0.0014512472    0.19665527344 
    0.0014739229    0.17178344727 
    0.0014965986    0.14303588867 
    0.0015192744    0.11218261719 
    0.0015419501   0.080413818359 
    0.0015646259   0.050048828125 
    0.0015873016   0.022705078125 
    0.0016099773  -0.00021362304688 
    0.0016326531  -0.017791748047 
    0.0016553288  -0.029357910156 
    0.0016780045  -0.034423828125 
    0.0017006803  -0.033142089844 
     0.001723356  -0.026123046875 
    0.0017460317  -0.014770507812 
    0.0017687075   0.000244140625 
    0.0017913832   0.017913818359 
     0.001814059   0.036743164062 
    0.0018367347   0.056182861328 
    0.0018594104   0.075286865234 
    0.0018820862   0.092712402344 
    0.0019047619    0.10821533203 
    0.0019274376    0.12091064453 
    0.0019501134    0.12985229492 
    0.0019727891    0.13497924805 
    0.0019954649    0.13632202148 
    0.0020181406    0.13403320312 
    0.0020408163     0.1276550293 
    0.0020634921    0.11749267578 
    0.0020861678    0.10305786133 
    0.0021088435   0.085266113281 
    0.0021315193      0.064453125 
     0.002154195   0.041259765625 
    0.0021768707   0.016845703125 
    0.0021995465  -0.0082397460938 
    0.0022222222  -0.033233642578 
     0.002244898  -0.056732177734 
    0.0022675737   -0.07763671875 
    0.0022902494  -0.095825195312 
    0.0023129252   -0.11032104492 
    0.0023356009   -0.12069702148 
    0.0023582766   -0.12683105469 
    0.0023809524   -0.12899780273 
    0.0024036281   -0.12796020508 
    0.0024263039   -0.12350463867 
    0.0024489796   -0.11730957031 
    0.0024716553   -0.10977172852 
    0.0024943311   -0.10092163086 
    0.0025170068  -0.091674804688 
    0.0025396825  -0.083343505859 
    0.0025623583  -0.075256347656 
     0.002585034  -0.068511962891 
    0.0026077098  -0.063323974609 
    0.0026303855  -0.059967041016 
    0.0026530612  -0.058441162109 
     0.002675737  -0.058959960938 
    0.0026984127  -0.060974121094 
    0.0027210884  -0.063323974609 
    0.0027437642  -0.065307617188 
    0.0027664399  -0.066833496094 
    0.0027891156  -0.067138671875 
    0.0028117914  -0.066802978516 
    0.0028344671  -0.063690185547 
    0.0028571429  -0.058959960938 
    0.0028798186  -0.053863525391 
    0.0029024943  -0.047546386719 
    0.0029251701  -0.040466308594 
    0.0029478458  -0.033477783203 
    0.0029705215  -0.027069091797 
    0.0029931973  -0.021453857422 
     0.003015873  -0.016448974609 
    0.0030385488  -0.012542724609 
    0.0030612245  -0.0096130371094 
    0.0030839002  -0.0073547363281 
     0.003106576  -0.0054931640625 
    0.0031292517  -0.0040588378906 
    0.0031519274  -0.0028991699219 
    0.0031746032  -0.0024719238281 
    0.0031972789  -0.0019226074219 
    0.0032199546  -0.0018615722656 
    0.0032426304     -0.001953125 
    0.0032653061  -0.0026550292969 
    0.0032879819  -0.0034484863281 
    0.0033106576  -0.0051879882812 
    0.0033333333  -0.0070190429688 
    0.0033560091  -0.0091552734375 
    0.0033786848  -0.010955810547 
    0.0034013605  -0.012268066406 
    0.0034240363  -0.012756347656 
     0.003446712  -0.011993408203 
    0.0034693878     -0.009765625 
    0.0034920635  -0.0067443847656 
    0.0035147392  -0.0028381347656 
     0.003537415  0.0018615722656 
    0.0035600907  0.0066528320312 
    0.0035827664    0.01123046875 
    0.0036054422   0.014770507812 
    0.0036281179   0.017272949219 
    0.0036507937   0.018218994141 
    0.0036734694   0.017425537109 
    0.0036961451   0.015808105469 
    0.0037188209   0.012603759766 
    0.0037414966   0.008056640625 
    0.0037641723     0.0029296875 
    0.0037868481  -0.0030212402344 
    0.0038095238  -0.0091552734375 
    0.0038321995  -0.014953613281 
    0.0038548753  -0.020233154297 
     0.003877551  -0.025177001953 
    0.0039002268  -0.028900146484 
    0.0039229025  -0.031982421875 
    0.0039455782  -0.034606933594 
     0.003968254  -0.036560058594 
    0.0039909297  -0.037811279297 
    0.0040136054  -0.038482666016 
    0.0040362812  -0.038024902344 
    0.0040589569  -0.037200927734 
    0.0040816327  -0.036376953125 
    0.0041043084  -0.035034179688 
    0.0041269841  -0.033660888672 
    0.0041496599  -0.033355712891 
    0.0041723356    -0.0341796875 
    0.0041950113  -0.036315917969 
    0.0042176871  -0.039794921875 
    0.0042403628  -0.044616699219 
    0.0042630385  -0.050384521484 
    0.0042857143  -0.056396484375 
      0.00430839  -0.062957763672 
    0.0043310658  -0.069213867188 
    0.0043537415  -0.074981689453 
    0.0043764172  -0.079650878906 
     0.004399093  -0.082885742188 
    0.0044217687  -0.084655761719 
    0.0044444444  -0.084747314453 
    0.0044671202  -0.083068847656 
    0.0044897959  -0.079711914062 
    0.0045124717  -0.074981689453 
    0.0045351474  -0.068939208984 
    0.0045578231  -0.062347412109 
    0.0045804989  -0.055480957031 
    0.0046031746  -0.049011230469 
    0.0046258503  -0.042907714844 
    0.0046485261  -0.037536621094 
    0.0046712018  -0.033325195312 
    0.0046938776  -0.030426025391 
    0.0047165533  -0.028106689453 
     0.004739229  -0.026519775391 
    0.0047619048  -0.024871826172 
    0.0047845805  -0.023590087891 
    0.0048072562  -0.022216796875 
     0.004829932  -0.020477294922 
    0.0048526077  -0.018493652344 
    0.0048752834  -0.016052246094 
    0.0048979592  -0.013031005859 
    0.0049206349  -0.0092468261719 
    0.0049433107  -0.0054016113281 
    0.0049659864  -0.0015258789062 
    0.0049886621  0.0025329589844 
    0.0050113379  0.0059509277344 
    0.0050340136  0.0091857910156 
    0.0050566893   0.011596679688 
    0.0050793651   0.013397216797 
    0.0051020408   0.014312744141 
    0.0051247166   0.014923095703 
    0.0051473923   0.015258789062 
     0.005170068   0.015258789062 
    0.0051927438   0.015869140625 
    0.0052154195     0.0166015625 
    0.0052380952   0.017456054688 
     0.005260771   0.018615722656 
    0.0052834467   0.019592285156 
    0.0053061224   0.020294189453 
    0.0053287982   0.020904541016 
    0.0053514739   0.021179199219 
    0.0053741497   0.020568847656 
    0.0053968254   0.019348144531 
    0.0054195011   0.017028808594 
    0.0054421769   0.013763427734 
    0.0054648526  0.0098571777344 
    0.0054875283  0.0053100585938 
    0.0055102041  3.0517578125e-05 
    0.0055328798  -0.0050048828125 
    0.0055555556  -0.0099792480469 
    0.0055782313  -0.014923095703 
     0.005600907  -0.018646240234 
    0.0056235828  -0.021453857422 
    0.0056462585  -0.023040771484 
    0.0056689342  -0.024047851562 
      0.00569161  -0.023559570312 
    0.0057142857   -0.02197265625 
    0.0057369615  -0.020050048828 
    0.0057596372  -0.017242431641 
    0.0057823129  -0.013732910156 
    0.0058049887  -0.010070800781 
    0.0058276644  -0.0064697265625 
    0.0058503401  -0.003173828125 
    0.0058730159  -0.0013427734375 
    0.0058956916  0.00015258789062 
    0.0059183673  0.0016174316406 
    0.0059410431  0.0029602050781 
    0.0059637188  0.0038452148438 
    0.0059863946  0.0044860839844 
    0.0060090703  0.0047912597656 
     0.006031746  0.0048217773438 
    0.0060544218  0.0049438476562 
