; Sample Rate 44100
; Channels 1
               0  -0.0061950683594 
   2.2675737e-05   0.012756347656 
   4.5351474e-05   0.030975341797 
   6.8027211e-05   0.047973632812 
   9.0702948e-05   0.063018798828 
   0.00011337868   0.076019287109 
   0.00013605442   0.087524414062 
   0.00015873016   0.097320556641 
    0.0001814059     0.1057434082 
   0.00020408163    0.11196899414 
   0.00022675737    0.11590576172 
   0.00024943311    0.11660766602 
   0.00027210884    0.11456298828 
   0.00029478458    0.10980224609 
   0.00031746032    0.10278320312 
   0.00034013605   0.094665527344 
   0.00036281179   0.085968017578 
   0.00038548753   0.076995849609 
   0.00040816327   0.067962646484 
     0.000430839   0.059417724609 
   0.00045351474   0.051116943359 
   0.00047619048   0.042999267578 
   0.00049886621   0.035186767578 
   0.00052154195   0.026153564453 
   0.00054421769   0.015655517578 
   0.00056689342  0.0034790039062 
   0.00058956916  -0.010711669922 
    0.0006122449  -0.026489257812 
   0.00063492063  -0.042449951172 
   0.00065759637  -0.057525634766 
   0.00068027211   -0.07080078125 
   0.00070294785  -0.081970214844 
   0.00072562358   -0.09033203125 
   0.00074829932  -0.096496582031 
   0.00077097506   -0.10015869141 
   0.00079365079   -0.10125732422 
   0.00081632653  -0.099548339844 
   0.00083900227  -0.094451904297 
     0.000861678  -0.085632324219 
   0.00088435374  -0.073059082031 
   0.00090702948  -0.056518554688 
   0.00092970522  -0.036193847656 
   0.00095238095  -0.012847900391 
   0.00097505669   0.014068603516 
   0.00099773243   0.043823242188 
    0.0010204082   0.076934814453 
    0.0010430839    0.11364746094 
    0.0010657596    0.15423583984 
    0.0010884354    0.19772338867 
    0.0011111111    0.24234008789 
    0.0011337868    0.28485107422 
    0.0011564626    0.32037353516 
    0.0011791383    0.34420776367 
    0.0012018141    0.35171508789 
    0.0012244898    0.34216308594 
    0.0012471655    0.31616210938 
    0.0012698413    0.27548217773 
     0.001292517    0.22421264648 
    0.0013151927    0.16592407227 
    0.0013378685    0.10491943359 
    0.0013605442   0.044677734375 
      0.00138322  -0.011260986328 
    0.0014058957   -0.06005859375 
    0.0014285714  -0.099212646484 
    0.0014512472   -0.12756347656 
    0.0014739229   -0.14364624023 
    0.0014965986   -0.14721679688 
    0.0015192744   -0.13998413086 
    0.0015419501   -0.12405395508 
    0.0015646259   -0.10153198242 
    0.0015873016  -0.074859619141 
    0.0016099773  -0.044586181641 
    0.0016326531  -0.011993408203 
    0.0016553288   0.021636962891 
    0.0016780045   0.055969238281 
    0.0017006803   0.089630126953 
     0.001723356    0.12188720703 
    0.0017460317    0.15222167969 
    0.0017687075    0.18002319336 
    0.0017913832    0.20498657227 
     0.001814059    0.22659301758 
    0.0018367347    0.24542236328 
    0.0018594104    0.26062011719 
    0.0018820862    0.27127075195 
    0.0019047619    0.27716064453 
    0.0019274376    0.27639770508 
    0.0019501134    0.26657104492 
    0.0019727891    0.24633789062 
    0.0019954649    0.21466064453 
    0.0020181406    0.17211914062 
    0.0020408163    0.12045288086 
    0.0020634921   0.062561035156 
    0.0020861678  0.0023498535156 
    0.0021088435  -0.055541992188 
    0.0021315193   -0.10760498047 
     0.002154195    -0.1510925293 
    0.0021768707   -0.18466186523 
    0.0021995465   -0.20718383789 
    0.0022222222   -0.21951293945 
     0.002244898   -0.22235107422 
    0.0022675737   -0.21789550781 
    0.0022902494   -0.20788574219 
    0.0023129252   -0.19375610352 
    0.0023356009   -0.17687988281 
    0.0023582766   -0.15863037109 
    0.0023809524   -0.13980102539 
    0.0024036281   -0.12164306641 
    0.0024263039   -0.10507202148 
    0.0024489796  -0.091583251953 
    0.0024716553  -0.081085205078 
    0.0024943311  -0.073394775391 
    0.0025170068  -0.067443847656 
    0.0025396825    -0.0634765625 
    0.0025623583  -0.060516357422 
     0.002585034  -0.057830810547 
    0.0026077098  -0.054595947266 
    0.0026303855  -0.049835205078 
    0.0026530612  -0.043518066406 
     0.002675737  -0.035736083984 
    0.0026984127  -0.027008056641 
    0.0027210884    -0.0185546875 
    0.0027437642  -0.011077880859 
    0.0027664399  -0.0057067871094 
    0.0027891156  -0.0028076171875 
    0.0028117914  -0.0025634765625 
    0.0028344671  -0.0050048828125 
    0.0028571429  -0.0086364746094 
    0.0028798186  -0.013458251953 
    0.0029024943  -0.018371582031 
    0.0029251701  -0.022766113281 
    0.0029478458  -0.026306152344 
    0.0029705215  -0.029052734375 
    0.0029931973  -0.030822753906 
     0.003015873  -0.031768798828 
    0.0030385488  -0.031799316406 
    0.0030612245  -0.030914306641 
    0.0030839002  -0.029113769531 
     0.003106576  -0.026947021484 
    0.0031292517  -0.025634765625 
    0.0031519274  -0.025451660156 
    0.0031746032  -0.026794433594 
    0.0031972789  -0.029052734375 
    0.0032199546  -0.031677246094 
    0.0032426304  -0.033508300781 
    0.0032653061  -0.034210205078 
    0.0032879819  -0.033325195312 
    0.0033106576  -0.030059814453 
    0.0033333333  -0.024139404297 
    0.0033560091  -0.016235351562 
    0.0033786848  -0.0063781738281 
    0.0034013605  0.0046081542969 
    0.0034240363   0.015045166016 
     0.003446712   0.024688720703 
    0.0034693878   0.032623291016 
    0.0034920635   0.038970947266 
    0.0035147392   0.043060302734 
     0.003537415   0.044860839844 
    0.0035600907   0.044769287109 
    0.0035827664   0.042541503906 
    0.0036054422   0.037719726562 
    0.0036281179   0.030334472656 
    0.0036507937   0.020843505859 
    0.0036734694  0.0096435546875 
    0.0036961451  -0.0028991699219 
    0.0037188209  -0.016479492188 
    0.0037414966  -0.030303955078 
    0.0037641723  -0.043579101562 
    0.0037868481  -0.054534912109 
    0.0038095238  -0.061889648438 
    0.0038321995  -0.064849853516 
    0.0038548753  -0.063293457031 
     0.003877551  -0.058441162109 
    0.0039002268  -0.050933837891 
    0.0039229025  -0.041900634766 
    0.0039455782  -0.031982421875 
     0.003968254  -0.021728515625 
    0.0039909297  -0.011779785156 
    0.0040136054  -0.0035705566406 
    0.0040362812  0.0015869140625 
    0.0040589569  0.0033874511719 
    0.0040816327  0.0011291503906 
    0.0041043084  -0.0040283203125 
    0.0041269841  -0.012084960938 
    0.0041496599  -0.022674560547 
    0.0041723356  -0.035797119141 
    0.0041950113  -0.050903320312 
    0.0042176871  -0.067657470703 
    0.0042403628  -0.084228515625 
    0.0042630385  -0.099273681641 
    0.0042857143   -0.11093139648 
      0.00430839   -0.11846923828 
    0.0043310658   -0.12142944336 
    0.0043537415   -0.12002563477 
    0.0043764172   -0.11599731445 
     0.004399093   -0.11059570312 
    0.0044217687   -0.10427856445 
    0.0044444444  -0.097564697266 
    0.0044671202  -0.090026855469 
    0.0044897959   -0.08154296875 
    0.0045124717  -0.071746826172 
    0.0045351474  -0.060211181641 
    0.0045578231  -0.048431396484 
    0.0045804989     -0.037109375 
    0.0046031746  -0.027587890625 
    0.0046258503  -0.020141601562 
    0.0046485261  -0.014892578125 
    0.0046712018    -0.0107421875 
    0.0046938776  -0.0067749023438 
    0.0047165533  -0.0021362304688 
     0.004739229  0.0025939941406 
    0.0047619048  0.0069885253906 
    0.0047845805  0.0098266601562 
    0.0048072562   0.010955810547 
     0.004829932   0.010498046875 
    0.0048526077  0.0085144042969 
    0.0048752834  0.0053100585938 
    0.0048979592  0.0010986328125 
    0.0049206349  -0.0036315917969 
    0.0049433107  -0.0083618164062 
    0.0049659864  -0.012817382812 
    0.0049886621  -0.016937255859 
    0.0050113379  -0.020385742188 
    0.0050340136  -0.023406982422 
    0.0050566893   -0.02490234375 
    0.0050793651  -0.025054931641 
    0.0051020408  -0.024291992188 
    0.0051247166  -0.021697998047 
    0.0051473923    -0.0185546875 
     0.005170068  -0.013763427734 
    0.0051927438  -0.008056640625 
    0.0052154195  -0.00057983398438 
    0.0052380952  0.0084228515625 
     0.005260771   0.019439697266 
    0.0052834467   0.032012939453 
    0.0053061224   0.044586181641 
    0.0053287982   0.056274414062 
    0.0053514739   0.065185546875 
    0.0053741497   0.070953369141 
    0.0053968254   0.073211669922 
    0.0054195011   0.072052001953 
    0.0054421769   0.067840576172 
    0.0054648526   0.061096191406 
    0.0054875283   0.052093505859 
    0.0055102041   0.040374755859 
    0.0055328798   0.026947021484 
    0.0055555556   0.012878417969 
    0.0055782313  -0.00079345703125 
     0.005600907  -0.013275146484 
    0.0056235828  -0.023712158203 
    0.0056462585   -0.03173828125 
    0.0056689342  -0.036956787109 
      0.00569161   -0.04052734375 
    0.0057142857  -0.042602539062 
    0.0057369615  -0.044006347656 
    0.0057596372  -0.046081542969 
    0.0057823129  -0.049377441406 
    0.0058049887  -0.053466796875 
    0.0058276644  -0.057647705078 
    0.0058503401  -0.061553955078 
    0.0058730159  -0.064605712891 
    0.0058956916  -0.067260742188 
    0.0059183673  -0.069885253906 
    0.0059410431  -0.072113037109 
    0.0059637188  -0.073333740234 
    0.0059863946  -0.072479248047 
    0.0060090703  -0.068084716797 
     0.006031746  -0.059936523438 
    0.0060544218  -0.048034667969 
    0.0060770975  -0.032379150391 
