; Sample Rate 44100
; Channels 1
               0  -0.017669677734 
   2.2675737e-05  0.0016479492188 
   4.5351474e-05   0.021301269531 
   6.8027211e-05   0.039947509766 
   9.0702948e-05   0.056549072266 
   0.00011337868   0.070739746094 
   0.00013605442   0.082122802734 
   0.00015873016   0.091430664062 
    0.0001814059   0.098571777344 
   0.00020408163    0.10366821289 
   0.00022675737    0.10623168945 
   0.00024943311    0.10638427734 
   0.00027210884    0.10397338867 
   0.00029478458   0.099700927734 
   0.00031746032   0.094909667969 
   0.00034013605   0.089294433594 
   0.00036281179   0.084167480469 
   0.00038548753   0.079162597656 
   0.00040816327   0.073974609375 
     0.000430839   0.067993164062 
   0.00045351474   0.061187744141 
   0.00047619048   0.053466796875 
   0.00049886621   0.044464111328 
   0.00052154195   0.034118652344 
   0.00054421769   0.022216796875 
   0.00056689342  0.0088806152344 
   0.00058956916  -0.0062255859375 
    0.0006122449  -0.022369384766 
   0.00063492063  -0.038909912109 
   0.00065759637  -0.054382324219 
   0.00068027211  -0.067718505859 
   0.00070294785  -0.078582763672 
   0.00072562358  -0.086669921875 
   0.00074829932  -0.092102050781 
   0.00077097506  -0.095123291016 
   0.00079365079  -0.095672607422 
   0.00081632653  -0.093505859375 
   0.00083900227  -0.088439941406 
     0.000861678     -0.080078125 
   0.00088435374  -0.067474365234 
   0.00090702948  -0.051177978516 
   0.00092970522  -0.031127929688 
   0.00095238095  -0.007568359375 
   0.00097505669   0.018981933594 
   0.00099773243   0.048553466797 
    0.0010204082   0.081207275391 
    0.0010430839    0.11770629883 
    0.0010657596    0.15771484375 
    0.0010884354    0.20050048828 
    0.0011111111    0.24423217773 
    0.0011337868    0.28546142578 
    0.0011564626    0.31967163086 
    0.0011791383    0.34228515625 
    0.0012018141    0.34954833984 
    0.0012244898    0.34020996094 
    0.0012471655    0.31460571289 
    0.0012698413    0.27484130859 
     0.001292517    0.22436523438 
    0.0013151927    0.16760253906 
    0.0013378685    0.10800170898 
    0.0013605442   0.049438476562 
      0.00138322  -0.0049743652344 
    0.0014058957  -0.051910400391 
    0.0014285714  -0.088775634766 
    0.0014512472   -0.11471557617 
    0.0014739229   -0.12899780273 
    0.0014965986   -0.13208007812 
    0.0015192744   -0.12524414062 
    0.0015419501   -0.11029052734 
    0.0015646259  -0.089965820312 
    0.0015873016  -0.065704345703 
    0.0016099773  -0.039703369141 
    0.0016326531  -0.011566162109 
    0.0016553288   0.017761230469 
    0.0016780045   0.047973632812 
    0.0017006803   0.077514648438 
     0.001723356    0.10620117188 
    0.0017460317    0.13372802734 
    0.0017687075    0.15951538086 
    0.0017913832    0.18399047852 
     0.001814059    0.20651245117 
    0.0018367347    0.22634887695 
    0.0018594104    0.24368286133 
    0.0018820862        0.2578125 
    0.0019047619    0.26690673828 
    0.0019274376    0.26919555664 
    0.0019501134    0.26239013672 
    0.0019727891    0.24468994141 
    0.0019954649    0.21508789062 
    0.0020181406    0.17431640625 
    0.0020408163    0.12411499023 
    0.0020634921   0.067443847656 
    0.0020861678  0.0079040527344 
    0.0021088435  -0.050537109375 
    0.0021315193   -0.10400390625 
     0.002154195   -0.14929199219 
    0.0021768707   -0.18493652344 
    0.0021995465   -0.21017456055 
    0.0022222222   -0.22457885742 
     0.002244898   -0.22933959961 
    0.0022675737   -0.22610473633 
    0.0022902494   -0.21661376953 
    0.0023129252   -0.20294189453 
    0.0023356009   -0.18673706055 
    0.0023582766   -0.16833496094 
    0.0023809524   -0.14929199219 
    0.0024036281   -0.13012695312 
    0.0024263039    -0.1120300293 
    0.0024489796  -0.096160888672 
    0.0024716553  -0.082702636719 
    0.0024943311  -0.072052001953 
    0.0025170068  -0.063995361328 
    0.0025396825  -0.057983398438 
    0.0025623583  -0.053070068359 
     0.002585034  -0.048797607422 
    0.0026077098  -0.044372558594 
    0.0026303855  -0.038848876953 
    0.0026530612  -0.032409667969 
     0.002675737  -0.024780273438 
    0.0026984127  -0.017303466797 
    0.0027210884  -0.010162353516 
    0.0027437642  -0.0046081542969 
    0.0027664399  -0.0014953613281 
    0.0027891156  -0.00030517578125 
    0.0028117914     -0.001953125 
    0.0028344671     -0.005859375 
    0.0028571429  -0.011016845703 
    0.0028798186  -0.017242431641 
    0.0029024943  -0.023406982422 
    0.0029251701  -0.027618408203 
    0.0029478458  -0.030242919922 
    0.0029705215  -0.031036376953 
    0.0029931973  -0.030364990234 
     0.003015873  -0.028533935547 
    0.0030385488  -0.026214599609 
    0.0030612245  -0.023834228516 
    0.0030839002  -0.021270751953 
     0.003106576  -0.019317626953 
    0.0031292517  -0.017913818359 
    0.0031519274  -0.017791748047 
    0.0031746032  -0.019256591797 
    0.0031972789  -0.021759033203 
    0.0032199546  -0.024932861328 
    0.0032426304   -0.02783203125 
    0.0032653061  -0.029174804688 
    0.0032879819  -0.029205322266 
    0.0033106576  -0.027465820312 
    0.0033333333  -0.023712158203 
    0.0033560091  -0.018188476562 
    0.0033786848  -0.010833740234 
    0.0034013605  -0.0024108886719 
    0.0034240363   0.006591796875 
     0.003446712   0.014709472656 
    0.0034693878   0.021820068359 
    0.0034920635   0.027709960938 
    0.0035147392   0.032073974609 
     0.003537415   0.035095214844 
    0.0035600907   0.036560058594 
    0.0035827664   0.036315917969 
    0.0036054422   0.034149169922 
    0.0036281179   0.029998779297 
    0.0036507937   0.024353027344 
    0.0036734694     0.0166015625 
    0.0036961451  0.0072326660156 
    0.0037188209  -0.0042114257812 
    0.0037414966  -0.017059326172 
    0.0037641723  -0.030670166016 
    0.0037868481  -0.042816162109 
    0.0038095238  -0.051666259766 
    0.0038321995  -0.056274414062 
    0.0038548753  -0.057189941406 
     0.003877551  -0.055419921875 
    0.0039002268  -0.051605224609 
    0.0039229025  -0.047454833984 
    0.0039455782  -0.042266845703 
     0.003968254  -0.036682128906 
    0.0039909297  -0.030822753906 
    0.0040136054  -0.024963378906 
    0.0040362812  -0.020172119141 
    0.0040589569  -0.017822265625 
    0.0040816327  -0.017913818359 
    0.0041043084  -0.020477294922 
    0.0041269841  -0.024688720703 
    0.0041496599  -0.030853271484 
    0.0041723356  -0.038909912109 
    0.0041950113  -0.049530029297 
    0.0042176871  -0.062622070312 
    0.0042403628  -0.077087402344 
    0.0042630385  -0.091217041016 
    0.0042857143   -0.10293579102 
      0.00430839   -0.11123657227 
    0.0043310658   -0.11572265625 
    0.0043537415    -0.1164855957 
    0.0043764172    -0.1139831543 
     0.004399093   -0.11016845703 
    0.0044217687    -0.1051940918 
    0.0044444444  -0.098968505859 
    0.0044671202  -0.091552734375 
    0.0044897959  -0.082611083984 
    0.0045124717  -0.071807861328 
    0.0045351474  -0.059448242188 
    0.0045578231  -0.046356201172 
    0.0045804989  -0.033843994141 
    0.0046031746  -0.022888183594 
    0.0046258503  -0.014831542969 
    0.0046485261  -0.0089721679688 
    0.0046712018  -0.0047912597656 
    0.0046938776  -0.0015869140625 
    0.0047165533  0.0014038085938 
     0.004739229  0.0044555664062 
    0.0047619048  0.0067443847656 
    0.0047845805  0.0077514648438 
    0.0048072562  0.0075378417969 
     0.004829932  0.0059509277344 
    0.0048526077  0.0038146972656 
    0.0048752834  0.0008544921875 
    0.0048979592  -0.0023193359375 
    0.0049206349  -0.0055541992188 
    0.0049433107    -0.0087890625 
    0.0049659864  -0.011810302734 
    0.0049886621  -0.015228271484 
    0.0050113379  -0.018463134766 
    0.0050340136  -0.021423339844 
    0.0050566893  -0.024047851562 
    0.0050793651  -0.025512695312 
    0.0051020408  -0.025909423828 
    0.0051247166  -0.025146484375 
    0.0051473923  -0.022796630859 
     0.005170068  -0.018218994141 
    0.0051927438   -0.01220703125 
    0.0052154195  -0.0045471191406 
    0.0052380952  0.0048522949219 
     0.005260771   0.016357421875 
    0.0052834467   0.029724121094 
    0.0053061224   0.044097900391 
    0.0053287982   0.058135986328 
    0.0053514739   0.070190429688 
    0.0053741497   0.078308105469 
    0.0053968254   0.082427978516 
    0.0054195011   0.082000732422 
    0.0054421769   0.077667236328 
    0.0054648526   0.069763183594 
    0.0054875283   0.059112548828 
    0.0055102041   0.045654296875 
    0.0055328798   0.030334472656 
    0.0055555556   0.014190673828 
    0.0055782313  -0.0016784667969 
     0.005600907  -0.015930175781 
    0.0056235828  -0.027191162109 
    0.0056462585  -0.035339355469 
    0.0056689342  -0.040252685547 
      0.00569161  -0.042388916016 
    0.0057142857  -0.042633056641 
    0.0057369615  -0.041748046875 
    0.0057596372  -0.041809082031 
    0.0057823129  -0.042816162109 
    0.0058049887  -0.045959472656 
    0.0058276644  -0.050384521484 
    0.0058503401  -0.055938720703 
    0.0058730159  -0.061859130859 
    0.0058956916  -0.066925048828 
    0.0059183673  -0.070281982422 
    0.0059410431  -0.072784423828 
    0.0059637188   -0.07470703125 
    0.0059863946    -0.0751953125 
    0.0060090703  -0.072875976562 
     0.006031746  -0.066986083984 
    0.0060544218  -0.056243896484 
    0.0060770975  -0.040985107422 
    0.0060997732  -0.022918701172 
