; Sample Rate 44100
; Channels 1
               0  0.0017395019531 
   2.2675737e-05      0.001953125 
   4.5351474e-05   0.001708984375 
   6.8027211e-05  0.0011596679688 
   9.0702948e-05  0.00051879882812 
   0.00011337868  -6.103515625e-05 
   0.00013605442  -0.00042724609375 
   0.00015873016  -0.00039672851562 
    0.0001814059    0.00048828125 
   0.00020408163  0.0019226074219 
   0.00022675737  0.0036315917969 
   0.00024943311      0.005859375 
   0.00027210884   0.008544921875 
   0.00029478458   0.010833740234 
   0.00031746032   0.013031005859 
   0.00034013605   0.014495849609 
   0.00036281179   0.015533447266 
   0.00038548753   0.015960693359 
   0.00040816327   0.015869140625 
     0.000430839    0.01513671875 
   0.00045351474   0.014587402344 
   0.00047619048   0.014434814453 
   0.00049886621   0.014099121094 
   0.00052154195   0.014404296875 
   0.00054421769   0.015777587891 
   0.00056689342   0.018463134766 
   0.00058956916   0.022064208984 
    0.0006122449   0.027130126953 
   0.00063492063   0.033050537109 
   0.00065759637   0.039428710938 
   0.00068027211   0.046447753906 
   0.00070294785   0.053863525391 
   0.00072562358   0.060516357422 
   0.00074829932   0.066558837891 
   0.00077097506   0.071533203125 
   0.00079365079   0.074981689453 
   0.00081632653    0.07666015625 
   0.00083900227   0.076324462891 
     0.000861678   0.075073242188 
   0.00088435374   0.073028564453 
   0.00090702948   0.070831298828 
   0.00092970522   0.068206787109 
   0.00095238095   0.065368652344 
   0.00097505669   0.062042236328 
   0.00099773243   0.057952880859 
    0.0010204082   0.053131103516 
    0.0010430839   0.047210693359 
    0.0010657596   0.040710449219 
    0.0010884354   0.033813476562 
    0.0011111111   0.026947021484 
    0.0011337868   0.020172119141 
    0.0011564626   0.013549804688 
    0.0011791383  0.0076293945312 
    0.0012018141  0.0017395019531 
    0.0012244898  -0.0036010742188 
    0.0012471655  -0.0086975097656 
    0.0012698413     -0.013671875 
     0.001292517  -0.018737792969 
    0.0013151927   -0.02392578125 
    0.0013378685  -0.029327392578 
    0.0013605442  -0.034790039062 
      0.00138322  -0.040374755859 
    0.0014058957  -0.046234130859 
    0.0014285714  -0.051788330078 
    0.0014512472  -0.056762695312 
    0.0014739229  -0.061279296875 
    0.0014965986  -0.064636230469 
    0.0015192744    -0.0673828125 
    0.0015419501  -0.068878173828 
    0.0015646259  -0.070098876953 
    0.0015873016       -0.0703125 
    0.0016099773  -0.069580078125 
    0.0016326531  -0.067962646484 
    0.0016553288  -0.065948486328 
    0.0016780045  -0.063110351562 
    0.0017006803  -0.060089111328 
     0.001723356  -0.057373046875 
    0.0017460317  -0.054809570312 
    0.0017687075  -0.052154541016 
    0.0017913832  -0.049041748047 
     0.001814059  -0.045104980469 
    0.0018367347  -0.039916992188 
    0.0018594104  -0.033355712891 
    0.0018820862  -0.024780273438 
    0.0019047619  -0.014068603516 
    0.0019274376  -0.0014038085938 
    0.0019501134   0.013366699219 
    0.0019727891   0.030609130859 
    0.0019954649   0.049377441406 
    0.0020181406   0.069488525391 
    0.0020408163   0.090576171875 
    0.0020634921    0.11199951172 
    0.0020861678    0.13330078125 
    0.0021088435    0.15374755859 
    0.0021315193         0.171875 
     0.002154195    0.18688964844 
    0.0021768707    0.19729614258 
    0.0021995465     0.2028503418 
    0.0022222222    0.20346069336 
     0.002244898    0.19946289062 
    0.0022675737    0.19131469727 
    0.0022902494    0.17971801758 
    0.0023129252    0.16571044922 
    0.0023356009    0.14978027344 
    0.0023582766    0.13272094727 
    0.0023809524    0.11538696289 
    0.0024036281   0.098846435547 
    0.0024263039   0.083190917969 
    0.0024489796   0.069458007812 
    0.0024716553   0.058135986328 
    0.0024943311   0.049377441406 
    0.0025170068   0.043151855469 
    0.0025396825   0.039794921875 
    0.0025623583   0.038787841797 
     0.002585034   0.040008544922 
    0.0026077098   0.043670654297 
    0.0026303855   0.049133300781 
    0.0026530612   0.055603027344 
     0.002675737   0.062438964844 
    0.0026984127   0.069763183594 
    0.0027210884   0.076477050781 
    0.0027437642   0.082672119141 
    0.0027664399   0.088073730469 
    0.0027891156   0.091827392578 
    0.0028117914   0.094146728516 
    0.0028344671   0.094207763672 
    0.0028571429   0.091918945312 
    0.0028798186   0.086791992188 
    0.0029024943   0.078430175781 
    0.0029251701   0.067474365234 
    0.0029478458   0.054107666016 
    0.0029705215   0.038421630859 
    0.0029931973     0.0205078125 
     0.003015873  0.0022583007812 
    0.0030385488   -0.01611328125 
    0.0030612245  -0.034484863281 
    0.0030839002  -0.051086425781 
     0.003106576  -0.065826416016 
    0.0031292517  -0.078430175781 
    0.0031519274   -0.08935546875 
    0.0031746032  -0.098663330078 
    0.0031972789   -0.10632324219 
    0.0032199546   -0.11346435547 
    0.0032426304    -0.1198425293 
    0.0032653061   -0.12463378906 
    0.0032879819    -0.1291809082 
    0.0033106576   -0.13320922852 
    0.0033333333   -0.13604736328 
    0.0033560091   -0.13778686523 
    0.0033786848   -0.13955688477 
    0.0034013605   -0.14080810547 
    0.0034240363    -0.1413269043 
     0.003446712   -0.14096069336 
    0.0034693878   -0.13885498047 
    0.0034920635   -0.13464355469 
    0.0035147392   -0.12905883789 
     0.003537415   -0.12182617188 
    0.0035600907   -0.11245727539 
    0.0035827664   -0.10238647461 
    0.0036054422  -0.090789794922 
    0.0036281179  -0.077941894531 
    0.0036507937  -0.064758300781 
    0.0036734694  -0.052307128906 
    0.0036961451  -0.040344238281 
    0.0037188209  -0.030090332031 
    0.0037414966     -0.021484375 
    0.0037641723  -0.013549804688 
    0.0037868481  -0.0073547363281 
    0.0038095238  -0.0025024414062 
    0.0038321995   0.001708984375 
    0.0038548753  0.0049133300781 
     0.003877551  0.0072021484375 
    0.0039002268  0.0095520019531 
    0.0039229025   0.012268066406 
    0.0039455782   0.014923095703 
     0.003968254   0.017974853516 
    0.0039909297   0.021545410156 
    0.0040136054   0.025512695312 
    0.0040362812   0.029541015625 
    0.0040589569   0.033599853516 
    0.0040816327   0.037200927734 
    0.0041043084   0.040161132812 
    0.0041269841   0.041564941406 
    0.0041496599   0.041931152344 
    0.0041723356   0.040924072266 
    0.0041950113   0.039184570312 
    0.0042176871   0.036468505859 
    0.0042403628    0.03369140625 
    0.0042630385   0.031219482422 
    0.0042857143   0.028106689453 
      0.00430839   0.025421142578 
    0.0043310658   0.023498535156 
    0.0043537415     0.0224609375 
    0.0043764172   0.022338867188 
     0.004399093   0.023742675781 
    0.0044217687   0.026153564453 
    0.0044444444   0.028289794922 
    0.0044671202    0.02978515625 
    0.0044897959   0.029846191406 
    0.0045124717   0.028442382812 
    0.0045351474    0.02587890625 
    0.0045578231   0.022247314453 
    0.0045804989   0.017211914062 
    0.0046031746   0.012298583984 
    0.0046258503  0.0072631835938 
    0.0046485261  0.0020446777344 
    0.0046712018  -0.0026245117188 
    0.0046938776  -0.0068664550781 
    0.0047165533  -0.010986328125 
     0.004739229  -0.015106201172 
    0.0047619048  -0.019439697266 
    0.0047845805  -0.024108886719 
    0.0048072562  -0.029449462891 
     0.004829932  -0.035369873047 
    0.0048526077  -0.042297363281 
    0.0048752834  -0.049621582031 
    0.0048979592  -0.057037353516 
    0.0049206349  -0.064208984375 
    0.0049433107  -0.070831298828 
    0.0049659864  -0.076629638672 
    0.0049886621  -0.081420898438 
    0.0050113379  -0.084655761719 
    0.0050340136  -0.087005615234 
    0.0050566893  -0.087951660156 
    0.0050793651  -0.088012695312 
    0.0051020408  -0.087219238281 
    0.0051247166  -0.086456298828 
    0.0051473923  -0.085235595703 
     0.005170068  -0.084106445312 
    0.0051927438  -0.082336425781 
    0.0052154195  -0.080169677734 
    0.0052380952  -0.077514648438 
     0.005260771  -0.074371337891 
    0.0052834467  -0.070617675781 
    0.0053061224  -0.066467285156 
    0.0053287982  -0.062347412109 
    0.0053514739  -0.058135986328 
    0.0053741497  -0.054107666016 
    0.0053968254  -0.050537109375 
    0.0054195011  -0.047058105469 
    0.0054421769  -0.044250488281 
    0.0054648526  -0.041900634766 
    0.0054875283  -0.039581298828 
    0.0055102041  -0.037170410156 
    0.0055328798    -0.0341796875 
    0.0055555556  -0.030792236328 
    0.0055782313  -0.027435302734 
     0.005600907  -0.024322509766 
    0.0056235828  -0.021423339844 
    0.0056462585  -0.018981933594 
    0.0056689342    -0.0166015625 
      0.00569161  -0.013946533203 
    0.0057142857  -0.011108398438 
    0.0057369615  -0.0077514648438 
    0.0057596372  -0.0036926269531 
    0.0057823129   0.001220703125 
    0.0058049887  0.0066528320312 
    0.0058276644   0.012237548828 
    0.0058503401   0.017700195312 
    0.0058730159   0.022766113281 
    0.0058956916   0.026977539062 
    0.0059183673   0.030395507812 
    0.0059410431   0.032928466797 
    0.0059637188   0.034088134766 
    0.0059863946   0.034027099609 
    0.0060090703   0.032684326172 
     0.006031746   0.030456542969 
    0.0060544218   0.027160644531 
    0.0060770975   0.023315429688 
    0.0060997732    0.01904296875 
     0.006122449   0.014099121094 
    0.0061451247  0.0089111328125 
    0.0061678005  0.0033569335938 
    0.0061904762  -0.002197265625 
    0.0062131519  -0.007080078125 
    0.0062358277  -0.011749267578 
    0.0062585034  -0.015380859375 
    0.0062811791  -0.018646240234 
    0.0063038549  -0.021148681641 
    0.0063265306  -0.022552490234 
    0.0063492063  -0.023101806641 
    0.0063718821  -0.022918701172 
    0.0063945578  -0.021850585938 
    0.0064172336  -0.020477294922 
    0.0064399093  -0.018341064453 
     0.006462585  -0.016052246094 
    0.0064852608  -0.014129638672 
    0.0065079365  -0.011840820312 
    0.0065306122  -0.0097351074219 
     0.006553288  -0.0080871582031 
    0.0065759637  -0.0067749023438 
    0.0065986395  -0.0055847167969 
    0.0066213152  -0.004638671875 
