; Sample Rate 44100
; Channels 1
               0  -0.0035095214844 
   2.2675737e-05  -0.0026245117188 
   4.5351474e-05  -0.0014038085938 
   6.8027211e-05  0.00033569335938 
   9.0702948e-05    0.00341796875 
   0.00011337868  0.0074768066406 
   0.00013605442   0.012451171875 
   0.00015873016   0.018341064453 
    0.0001814059   0.024810791016 
   0.00020408163   0.031555175781 
   0.00022675737   0.038330078125 
   0.00024943311   0.045227050781 
   0.00027210884   0.051116943359 
   0.00029478458   0.056701660156 
   0.00031746032   0.061920166016 
   0.00034013605   0.066680908203 
   0.00036281179   0.070495605469 
   0.00038548753   0.073669433594 
   0.00040816327   0.076477050781 
     0.000430839   0.078552246094 
   0.00045351474   0.079437255859 
   0.00047619048   0.079223632812 
   0.00049886621   0.078247070312 
   0.00052154195   0.076568603516 
   0.00054421769   0.074737548828 
   0.00056689342   0.072448730469 
   0.00058956916   0.069519042969 
    0.0006122449   0.066589355469 
   0.00063492063   0.063415527344 
   0.00065759637    0.06005859375 
   0.00068027211   0.056243896484 
   0.00070294785   0.052154541016 
   0.00072562358   0.047760009766 
   0.00074829932   0.043212890625 
   0.00077097506   0.038269042969 
   0.00079365079   0.033020019531 
   0.00081632653   0.027069091797 
   0.00083900227   0.020111083984 
     0.000861678   0.013244628906 
   0.00088435374    0.00634765625 
   0.00090702948  -0.00033569335938 
   0.00092970522  -0.0063171386719 
   0.00095238095  -0.011657714844 
   0.00097505669  -0.016357421875 
   0.00099773243  -0.021118164062 
    0.0010204082  -0.025115966797 
    0.0010430839  -0.029357910156 
    0.0010657596  -0.034393310547 
    0.0010884354  -0.040649414062 
    0.0011111111   -0.04736328125 
    0.0011337868  -0.054565429688 
    0.0011564626  -0.061767578125 
    0.0011791383     -0.068359375 
    0.0012018141  -0.074188232422 
    0.0012244898  -0.079132080078 
    0.0012471655  -0.082611083984 
    0.0012698413  -0.084777832031 
     0.001292517  -0.085723876953 
    0.0013151927  -0.085662841797 
    0.0013378685  -0.085479736328 
    0.0013605442  -0.084503173828 
      0.00138322  -0.082824707031 
    0.0014058957  -0.080383300781 
    0.0014285714  -0.077606201172 
    0.0014512472  -0.074737548828 
    0.0014739229  -0.070983886719 
    0.0014965986  -0.066101074219 
    0.0015192744  -0.060241699219 
    0.0015419501  -0.053131103516 
    0.0015646259  -0.045196533203 
    0.0015873016  -0.035552978516 
    0.0016099773  -0.024505615234 
    0.0016326531  -0.010986328125 
    0.0016553288  0.0045166015625 
    0.0016780045   0.021667480469 
    0.0017006803   0.041351318359 
     0.001723356   0.062683105469 
    0.0017460317   0.085144042969 
    0.0017687075    0.10827636719 
    0.0017913832     0.1311340332 
     0.001814059    0.15209960938 
    0.0018367347    0.17065429688 
    0.0018594104    0.18569946289 
    0.0018820862    0.19644165039 
    0.0019047619    0.20300292969 
    0.0019274376    0.20471191406 
    0.0019501134    0.20248413086 
    0.0019727891     0.1962890625 
    0.0019954649    0.18701171875 
    0.0020181406    0.17483520508 
    0.0020408163     0.1604309082 
    0.0020634921    0.14456176758 
    0.0020861678    0.12823486328 
    0.0021088435    0.11169433594 
    0.0021315193   0.096099853516 
     0.002154195   0.082214355469 
    0.0021768707   0.070068359375 
    0.0021995465   0.060516357422 
    0.0022222222   0.054046630859 
     0.002244898   0.050567626953 
    0.0022675737   0.050140380859 
    0.0022902494   0.052520751953 
    0.0023129252   0.057495117188 
    0.0023356009   0.064636230469 
    0.0023582766   0.073059082031 
    0.0023809524   0.081573486328 
    0.0024036281   0.090240478516 
    0.0024263039   0.098785400391 
    0.0024489796    0.10632324219 
    0.0024716553    0.11254882812 
    0.0024943311    0.11724853516 
    0.0025170068    0.12014770508 
    0.0025396825    0.12033081055 
    0.0025623583    0.11776733398 
     0.002585034    0.11190795898 
    0.0026077098    0.10290527344 
    0.0026303855   0.090301513672 
    0.0026530612   0.074340820312 
     0.002675737   0.055572509766 
    0.0026984127   0.034240722656 
    0.0027210884   0.011749267578 
    0.0027437642  -0.011444091797 
    0.0027664399   -0.03369140625 
    0.0027891156  -0.054473876953 
    0.0028117914  -0.072937011719 
    0.0028344671  -0.089202880859 
    0.0028571429   -0.10241699219 
    0.0028798186   -0.11285400391 
    0.0029024943   -0.12161254883 
    0.0029251701    -0.1276550293 
    0.0029478458   -0.13180541992 
    0.0029705215   -0.13488769531 
    0.0029931973   -0.13711547852 
     0.003015873   -0.13818359375 
    0.0030385488     -0.138671875 
    0.0030612245   -0.13952636719 
    0.0030839002   -0.13995361328 
     0.003106576    -0.1389465332 
    0.0031292517   -0.13891601562 
    0.0031519274    -0.1393737793 
    0.0031746032   -0.13815307617 
    0.0031972789   -0.13412475586 
    0.0032199546   -0.13012695312 
    0.0032426304   -0.12539672852 
    0.0032653061   -0.11813354492 
    0.0032879819   -0.10946655273 
    0.0033106576   -0.10003662109 
    0.0033333333  -0.088500976562 
    0.0033560091  -0.076049804688 
    0.0033786848   -0.06298828125 
    0.0034013605  -0.049652099609 
    0.0034240363  -0.036529541016 
     0.003446712  -0.024688720703 
    0.0034693878  -0.014434814453 
    0.0034920635  -0.0060424804688 
    0.0035147392  0.00054931640625 
     0.003537415  0.0058288574219 
    0.0035600907    0.00927734375 
    0.0035827664   0.011505126953 
    0.0036054422   0.012969970703 
    0.0036281179   0.013427734375 
    0.0036507937   0.013305664062 
    0.0036734694   0.013031005859 
    0.0036961451     0.0126953125 
    0.0037188209   0.012756347656 
    0.0037414966   0.012451171875 
    0.0037641723   0.011993408203 
    0.0037868481   0.011779785156 
    0.0038095238   0.011871337891 
    0.0038321995       0.01171875 
    0.0038548753   0.011596679688 
     0.003877551   0.011901855469 
    0.0039002268   0.012023925781 
    0.0039229025   0.012115478516 
    0.0039455782   0.012603759766 
     0.003968254   0.013397216797 
    0.0039909297   0.014190673828 
    0.0040136054   0.015350341797 
    0.0040362812   0.016723632812 
    0.0040589569   0.018859863281 
    0.0040816327   0.022003173828 
    0.0041043084   0.024688720703 
    0.0041269841   0.027984619141 
    0.0041496599    0.03076171875 
    0.0041723356   0.032592773438 
    0.0041950113   0.033996582031 
    0.0042176871   0.034698486328 
    0.0042403628   0.034210205078 
    0.0042630385   0.032196044922 
    0.0042857143   0.028839111328 
      0.00430839   0.023590087891 
    0.0043310658   0.017059326172 
    0.0043537415  0.0098876953125 
    0.0043764172  0.0023803710938 
     0.004399093  -0.0054626464844 
    0.0044217687  -0.012298583984 
    0.0044444444  -0.018951416016 
    0.0044671202  -0.024688720703 
    0.0044897959  -0.029479980469 
    0.0045124717  -0.033843994141 
    0.0045351474  -0.036956787109 
    0.0045578231  -0.039093017578 
    0.0045804989  -0.041442871094 
    0.0046031746  -0.043914794922 
    0.0046258503  -0.047058105469 
    0.0046485261  -0.050842285156 
    0.0046712018  -0.054870605469 
    0.0046938776  -0.059509277344 
    0.0047165533  -0.064239501953 
     0.004739229  -0.068908691406 
    0.0047619048  -0.073822021484 
    0.0047845805   -0.07763671875 
    0.0048072562  -0.080413818359 
     0.004829932  -0.081756591797 
    0.0048526077  -0.081878662109 
    0.0048752834  -0.080352783203 
    0.0048979592  -0.077301025391 
    0.0049206349  -0.073150634766 
    0.0049433107  -0.068206787109 
    0.0049659864  -0.062957763672 
    0.0049886621  -0.057220458984 
    0.0050113379  -0.051055908203 
    0.0050340136  -0.044555664062 
    0.0050566893  -0.037719726562 
    0.0050793651  -0.031066894531 
    0.0051020408  -0.024780273438 
    0.0051247166  -0.019317626953 
    0.0051473923  -0.013916015625 
     0.005170068  -0.0094909667969 
    0.0051927438  -0.0059509277344 
    0.0052154195  -0.0032043457031 
    0.0052380952  -0.0017395019531 
     0.005260771  -0.0013122558594 
    0.0052834467  -0.0010681152344 
    0.0053061224  -0.0012512207031 
    0.0053287982  -0.0018005371094 
    0.0053514739  -0.0020141601562 
    0.0053741497  -0.0021057128906 
    0.0053968254  -0.0018310546875 
    0.0054195011  -0.0013732910156 
    0.0054421769  -0.00051879882812 
    0.0054648526  9.1552734375e-05 
    0.0054875283  0.00042724609375 
    0.0055102041  0.00045776367188 
    0.0055328798  0.00064086914062 
    0.0055555556  0.00079345703125 
    0.0055782313  0.0012512207031 
     0.005600907  0.0020751953125 
    0.0056235828  0.0041198730469 
    0.0056462585  0.0064392089844 
    0.0056689342   0.009033203125 
      0.00569161   0.011108398438 
    0.0057142857   0.012634277344 
    0.0057369615   0.013458251953 
    0.0057596372   0.012786865234 
    0.0057823129   0.010681152344 
    0.0058049887  0.0072631835938 
    0.0058276644  0.0022888183594 
    0.0058503401  -0.0034790039062 
    0.0058730159  -0.0096130371094 
    0.0058956916  -0.015838623047 
    0.0059183673  -0.021942138672 
    0.0059410431  -0.027069091797 
    0.0059637188  -0.031585693359 
    0.0059863946      -0.03515625 
    0.0060090703  -0.037475585938 
     0.006031746  -0.038024902344 
    0.0060544218  -0.037322998047 
    0.0060770975  -0.035308837891 
    0.0060997732  -0.031982421875 
     0.006122449  -0.027954101562 
    0.0061451247   -0.02294921875 
    0.0061678005  -0.018280029297 
    0.0061904762  -0.013854980469 
    0.0062131519  -0.010375976562 
    0.0062358277  -0.0075073242188 
    0.0062585034  -0.0059814453125 
    0.0062811791  -0.0055847167969 
    0.0063038549  -0.0056762695312 
    0.0063265306  -0.0065002441406 
    0.0063492063  -0.0076293945312 
