; Sample Rate 44100
; Channels 1
               0  -0.014465332031 
   2.2675737e-05  0.0049133300781 
   4.5351474e-05   0.023803710938 
   6.8027211e-05      0.041015625 
   9.0702948e-05   0.056579589844 
   0.00011337868   0.069793701172 
   0.00013605442   0.080902099609 
   0.00015873016   0.090118408203 
    0.0001814059   0.097991943359 
   0.00020408163    0.10412597656 
   0.00022675737    0.10809326172 
   0.00024943311    0.10940551758 
   0.00027210884    0.10803222656 
   0.00029478458    0.10415649414 
   0.00031746032   0.098388671875 
   0.00034013605   0.091766357422 
   0.00036281179   0.084625244141 
   0.00038548753     0.0771484375 
   0.00040816327   0.070007324219 
     0.000430839   0.062927246094 
   0.00045351474     0.0556640625 
   0.00047619048     0.0478515625 
   0.00049886621   0.039459228516 
   0.00052154195   0.030242919922 
   0.00054421769   0.019287109375 
   0.00056689342   0.006103515625 
   0.00058956916  -0.0091552734375 
    0.0006122449  -0.025848388672 
   0.00063492063  -0.042999267578 
   0.00065759637  -0.059173583984 
   0.00068027211  -0.072875976562 
   0.00070294785  -0.083648681641 
   0.00072562358   -0.09130859375 
   0.00074829932  -0.096527099609 
   0.00077097506  -0.098785400391 
   0.00079365079    -0.0986328125 
   0.00081632653     -0.095703125 
   0.00083900227  -0.089233398438 
     0.000861678  -0.078979492188 
   0.00088435374  -0.064483642578 
   0.00090702948  -0.045959472656 
   0.00092970522       -0.0234375 
   0.00095238095  0.0028076171875 
   0.00097505669   0.032348632812 
   0.00099773243   0.065246582031 
    0.0010204082    0.10159301758 
    0.0010430839    0.14123535156 
    0.0010657596    0.18389892578 
    0.0010884354    0.22811889648 
    0.0011111111    0.27182006836 
    0.0011337868    0.31069946289 
    0.0011564626    0.34017944336 
    0.0011791383    0.35525512695 
    0.0012018141    0.35357666016 
    0.0012244898     0.3346862793 
    0.0012471655     0.3000793457 
    0.0012698413    0.25308227539 
     0.001292517    0.19732666016 
    0.0013151927    0.13674926758 
    0.0013378685   0.075561523438 
    0.0013605442   0.017028808594 
      0.00138322  -0.035705566406 
    0.0014058957  -0.080200195312 
    0.0014285714   -0.11422729492 
    0.0014512472   -0.13677978516 
    0.0014739229   -0.14736938477 
    0.0014965986   -0.14645385742 
    0.0015192744   -0.13604736328 
    0.0015419501   -0.11807250977 
    0.0015646259  -0.094879150391 
    0.0015873016  -0.068145751953 
    0.0016099773  -0.038757324219 
    0.0016326531   -0.00732421875 
    0.0016553288   0.025939941406 
    0.0016780045   0.059722900391 
    0.0017006803   0.093566894531 
     0.001723356    0.12631225586 
    0.0017460317    0.15774536133 
    0.0017687075    0.18707275391 
    0.0017913832    0.21401977539 
     0.001814059    0.23760986328 
    0.0018367347    0.25802612305 
    0.0018594104    0.27395629883 
    0.0018820862    0.28503417969 
    0.0019047619    0.28961181641 
    0.0019274376    0.28601074219 
    0.0019501134    0.27224731445 
    0.0019727891     0.2470703125 
    0.0019954649    0.21029663086 
    0.0020181406    0.16268920898 
    0.0020408163     0.1067199707 
    0.0020634921   0.045745849609 
    0.0020861678   -0.01611328125 
    0.0021088435  -0.074523925781 
    0.0021315193   -0.12637329102 
     0.002154195   -0.16915893555 
    0.0021768707   -0.20138549805 
    0.0021995465   -0.22286987305 
    0.0022222222   -0.23425292969 
     0.002244898   -0.23672485352 
    0.0022675737   -0.23175048828 
    0.0022902494   -0.22152709961 
    0.0023129252   -0.20751953125 
    0.0023356009    -0.1911315918 
    0.0023582766   -0.17263793945 
    0.0023809524   -0.15307617188 
    0.0024036281   -0.13311767578 
    0.0024263039   -0.11422729492 
    0.0024489796  -0.096893310547 
    0.0024716553  -0.081665039062 
    0.0024943311  -0.068939208984 
    0.0025170068  -0.058319091797 
    0.0025396825  -0.050109863281 
    0.0025623583  -0.043792724609 
     0.002585034  -0.038330078125 
    0.0026077098  -0.033233642578 
    0.0026303855  -0.027801513672 
    0.0026530612  -0.021850585938 
     0.002675737  -0.015411376953 
    0.0026984127  -0.0093994140625 
    0.0027210884    -0.0048828125 
    0.0027437642  -0.0022583007812 
    0.0027664399  -0.0012817382812 
    0.0027891156  -0.0027770996094 
    0.0028117914  -0.0061950683594 
    0.0028344671  -0.010986328125 
    0.0028571429  -0.016448974609 
    0.0028798186  -0.021881103516 
    0.0029024943  -0.026702880859 
    0.0029251701  -0.030517578125 
    0.0029478458  -0.032623291016 
    0.0029705215  -0.033416748047 
    0.0029931973  -0.032653808594 
     0.003015873  -0.031158447266 
    0.0030385488  -0.029113769531 
    0.0030612245  -0.026977539062 
    0.0030839002  -0.024963378906 
     0.003106576  -0.023101806641 
    0.0031292517  -0.021850585938 
    0.0031519274  -0.022003173828 
    0.0031746032  -0.023193359375 
    0.0031972789  -0.025848388672 
    0.0032199546  -0.028594970703 
    0.0032426304  -0.030578613281 
    0.0032653061  -0.031127929688 
    0.0032879819  -0.029876708984 
    0.0033106576  -0.026794433594 
    0.0033333333  -0.021697998047 
    0.0033560091  -0.014221191406 
    0.0033786848  -0.005126953125 
    0.0034013605  0.0051574707031 
    0.0034240363   0.015472412109 
     0.003446712   0.024810791016 
    0.0034693878   0.032623291016 
    0.0034920635   0.038238525391 
    0.0035147392   0.041564941406 
     0.003537415   0.042877197266 
    0.0035600907   0.041900634766 
    0.0035827664   0.038818359375 
    0.0036054422   0.033782958984 
    0.0036281179   0.026550292969 
    0.0036507937   0.017974853516 
    0.0036734694  0.0082702636719 
    0.0036961451  -0.0023498535156 
    0.0037188209  -0.013793945312 
    0.0037414966  -0.026428222656 
    0.0037641723  -0.039489746094 
    0.0037868481  -0.051391601562 
    0.0038095238  -0.060272216797 
    0.0038321995  -0.064819335938 
    0.0038548753  -0.064422607422 
     0.003877551  -0.059906005859 
    0.0039002268  -0.052947998047 
    0.0039229025  -0.045013427734 
    0.0039455782     -0.037109375 
     0.003968254  -0.029052734375 
    0.0039909297  -0.021759033203 
    0.0040136054  -0.015838623047 
    0.0040362812  -0.011901855469 
    0.0040589569  -0.010620117188 
    0.0040816327  -0.011962890625 
    0.0041043084  -0.015899658203 
    0.0041269841  -0.021514892578 
    0.0041496599  -0.028656005859 
    0.0041723356  -0.037170410156 
    0.0041950113  -0.047790527344 
    0.0042176871  -0.060455322266 
    0.0042403628  -0.074401855469 
    0.0042630385  -0.088226318359 
    0.0042857143   -0.10067749023 
      0.00430839   -0.11038208008 
    0.0043310658    -0.1162109375 
    0.0043537415   -0.11791992188 
    0.0043764172   -0.11651611328 
     0.004399093   -0.11291503906 
    0.0044217687   -0.10772705078 
    0.0044444444   -0.10137939453 
    0.0044671202  -0.093566894531 
    0.0044897959  -0.083618164062 
    0.0045124717  -0.071807861328 
    0.0045351474  -0.058135986328 
    0.0045578231  -0.043823242188 
    0.0045804989  -0.030517578125 
    0.0046031746  -0.019348144531 
    0.0046258503  -0.011077880859 
    0.0046485261  -0.0054321289062 
    0.0046712018  -0.0023498535156 
    0.0046938776  0.00027465820312 
    0.0047165533  0.0034484863281 
     0.004739229  0.0062866210938 
    0.0047619048  0.0087280273438 
    0.0047845805  0.0099792480469 
    0.0048072562   0.010192871094 
     0.004829932  0.0086059570312 
    0.0048526077  0.0056457519531 
    0.0048752834      0.001953125 
    0.0048979592  -0.0023498535156 
    0.0049206349  -0.0067138671875 
    0.0049433107  -0.011108398438 
    0.0049659864  -0.015197753906 
    0.0049886621  -0.019287109375 
    0.0050113379  -0.023040771484 
    0.0050340136  -0.026031494141 
    0.0050566893  -0.028015136719 
    0.0050793651  -0.028533935547 
    0.0051020408   -0.02783203125 
    0.0051247166  -0.025421142578 
    0.0051473923   -0.02197265625 
     0.005170068  -0.017120361328 
    0.0051927438  -0.011047363281 
    0.0052154195  -0.0029602050781 
    0.0052380952  0.0074157714844 
     0.005260771   0.019592285156 
    0.0052834467   0.033721923828 
    0.0053061224   0.048248291016 
    0.0053287982   0.061431884766 
    0.0053514739      0.072265625 
    0.0053741497   0.079254150391 
    0.0053968254       0.08203125 
    0.0054195011   0.080963134766 
    0.0054421769   0.076385498047 
    0.0054648526   0.068389892578 
    0.0054875283     0.0576171875 
    0.0055102041   0.044891357422 
    0.0055328798   0.030426025391 
    0.0055555556   0.015075683594 
    0.0055782313  -0.00018310546875 
     0.005600907  -0.014038085938 
    0.0056235828  -0.025512695312 
    0.0056462585  -0.033905029297 
    0.0056689342       -0.0390625 
      0.00569161  -0.041778564453 
    0.0057142857  -0.042541503906 
    0.0057369615  -0.043090820312 
    0.0057596372  -0.044097900391 
    0.0057823129  -0.046508789062 
    0.0058049887  -0.051208496094 
    0.0058276644  -0.057067871094 
    0.0058503401   -0.06298828125 
    0.0058730159   -0.06787109375 
    0.0058956916  -0.071594238281 
    0.0059183673  -0.074615478516 
    0.0059410431  -0.076538085938 
    0.0059637188  -0.077239990234 
    0.0059863946  -0.075897216797 
    0.0060090703  -0.071472167969 
     0.006031746  -0.063629150391 
    0.0060544218  -0.051635742188 
    0.0060770975  -0.035949707031 
