; Sample Rate 44100
; Channels 1
               0  0.0054931640625 
   2.2675737e-05   0.024139404297 
   4.5351474e-05   0.041748046875 
   6.8027211e-05   0.057159423828 
   9.0702948e-05   0.070190429688 
   0.00011337868   0.080261230469 
   0.00013605442   0.088195800781 
   0.00015873016   0.094116210938 
    0.0001814059   0.098388671875 
   0.00020408163    0.10083007812 
   0.00022675737    0.10131835938 
   0.00024943311   0.099548339844 
   0.00027210884   0.095855712891 
   0.00029478458   0.091094970703 
   0.00031746032   0.085601806641 
   0.00034013605   0.080230712891 
   0.00036281179   0.074829101562 
   0.00038548753   0.069519042969 
   0.00040816327   0.063629150391 
     0.000430839   0.056945800781 
   0.00045351474    0.04931640625 
   0.00047619048   0.041168212891 
   0.00049886621   0.032104492188 
   0.00052154195   0.021759033203 
   0.00054421769   0.010375976562 
   0.00056689342  -0.0022277832031 
   0.00058956916  -0.016296386719 
    0.0006122449  -0.030944824219 
   0.00063492063  -0.045318603516 
   0.00065759637  -0.058837890625 
   0.00068027211  -0.070648193359 
   0.00070294785  -0.080230712891 
   0.00072562358  -0.087493896484 
   0.00074829932  -0.092102050781 
   0.00077097506  -0.094268798828 
   0.00079365079  -0.093475341797 
   0.00081632653  -0.089447021484 
   0.00083900227  -0.081298828125 
     0.000861678  -0.069274902344 
   0.00088435374  -0.053497314453 
   0.00090702948   -0.03466796875 
   0.00092970522  -0.012817382812 
   0.00095238095   0.012115478516 
   0.00097505669   0.039489746094 
   0.00099773243    0.06982421875 
    0.0010204082    0.10354614258 
    0.0010430839    0.14108276367 
    0.0010657596    0.18173217773 
    0.0010884354    0.22384643555 
    0.0011111111    0.26467895508 
    0.0011337868    0.30081176758 
    0.0011564626    0.32662963867 
    0.0011791383    0.33813476562 
    0.0012018141    0.33346557617 
    0.0012244898    0.31271362305 
    0.0012471655    0.27786254883 
    0.0012698413    0.23141479492 
     0.001292517    0.17755126953 
    0.0013151927     0.1201171875 
    0.0013378685   0.062347412109 
    0.0013605442  0.0081176757812 
      0.00138322  -0.039794921875 
    0.0014058957  -0.078826904297 
    0.0014285714   -0.10678100586 
    0.0014512472   -0.12356567383 
    0.0014739229   -0.12905883789 
    0.0014965986   -0.12393188477 
    0.0015192744   -0.11016845703 
    0.0015419501  -0.090393066406 
    0.0015646259  -0.066772460938 
    0.0015873016  -0.040649414062 
    0.0016099773  -0.012481689453 
    0.0016326531   0.016510009766 
    0.0016553288   0.046325683594 
    0.0016780045   0.075561523438 
    0.0017006803     0.1032409668 
     0.001723356    0.12936401367 
    0.0017460317    0.15380859375 
    0.0017687075    0.17663574219 
    0.0017913832    0.19766235352 
     0.001814059    0.21633911133 
    0.0018367347    0.23272705078 
    0.0018594104       0.24609375 
    0.0018820862    0.25579833984 
    0.0019047619    0.25958251953 
    0.0019274376    0.25555419922 
    0.0019501134    0.24142456055 
    0.0019727891    0.21606445312 
    0.0019954649    0.17980957031 
    0.0020181406    0.13369750977 
    0.0020408163    0.08056640625 
    0.0020634921   0.024322509766 
    0.0020861678  -0.031463623047 
    0.0021088435  -0.083190917969 
    0.0021315193    -0.1276550293 
     0.002154195   -0.16317749023 
    0.0021768707   -0.18911743164 
    0.0021995465   -0.20547485352 
    0.0022222222   -0.21264648438 
     0.002244898   -0.21249389648 
    0.0022675737   -0.20645141602 
    0.0022902494   -0.19573974609 
    0.0023129252   -0.18197631836 
    0.0023356009   -0.16583251953 
    0.0023582766   -0.14834594727 
    0.0023809524   -0.13043212891 
    0.0024036281   -0.11294555664 
    0.0024263039  -0.096923828125 
    0.0024489796     -0.083984375 
    0.0024716553  -0.073425292969 
    0.0024943311  -0.065673828125 
    0.0025170068  -0.060180664062 
    0.0025396825  -0.056304931641 
    0.0025623583  -0.052856445312 
     0.002585034   -0.04931640625 
    0.0026077098  -0.044464111328 
    0.0026303855  -0.038818359375 
    0.0026530612  -0.032012939453 
     0.002675737    -0.0244140625 
    0.0026984127  -0.016937255859 
    0.0027210884  -0.010681152344 
    0.0027437642  -0.0059509277344 
    0.0027664399  -0.0035400390625 
    0.0027891156  -0.0030822753906 
    0.0028117914  -0.004638671875 
    0.0028344671  -0.0082397460938 
    0.0028571429  -0.012359619141 
    0.0028798186  -0.016448974609 
    0.0029024943  -0.019958496094 
    0.0029251701  -0.021789550781 
    0.0029478458  -0.022094726562 
    0.0029705215  -0.021667480469 
    0.0029931973  -0.020233154297 
     0.003015873  -0.018859863281 
    0.0030385488  -0.017120361328 
    0.0030612245  -0.015686035156 
    0.0030839002  -0.014678955078 
     0.003106576   -0.01416015625 
    0.0031292517  -0.014770507812 
    0.0031519274  -0.016845703125 
    0.0031746032  -0.020080566406 
    0.0031972789  -0.023895263672 
    0.0032199546  -0.027587890625 
    0.0032426304  -0.030517578125 
    0.0032653061  -0.031005859375 
    0.0032879819  -0.028961181641 
    0.0033106576  -0.024108886719 
    0.0033333333   -0.01708984375 
    0.0033560091  -0.0086669921875 
    0.0033786848  0.00015258789062 
    0.0034013605  0.0084533691406 
    0.0034240363   0.016082763672 
     0.003446712   0.022033691406 
    0.0034693878   0.026702880859 
    0.0034920635   0.029418945312 
    0.0035147392   0.030700683594 
     0.003537415   0.030639648438 
    0.0035600907   0.029388427734 
    0.0035827664   0.027191162109 
    0.0036054422   0.024139404297 
    0.0036281179   0.019897460938 
    0.0036507937   0.013732910156 
    0.0036734694  0.0054626464844 
    0.0036961451  -0.0050048828125 
    0.0037188209  -0.016967773438 
    0.0037414966  -0.029907226562 
    0.0037641723  -0.041564941406 
    0.0037868481  -0.049957275391 
    0.0038095238  -0.054504394531 
    0.0038321995  -0.055419921875 
    0.0038548753  -0.053588867188 
     0.003877551   -0.05029296875 
    0.0039002268  -0.046081542969 
    0.0039229025  -0.041320800781 
    0.0039455782  -0.035736083984 
     0.003968254  -0.029388427734 
    0.0039909297  -0.023071289062 
    0.0040136054  -0.017852783203 
    0.0040362812  -0.014556884766 
    0.0040589569  -0.013244628906 
    0.0040816327  -0.014373779297 
    0.0041043084  -0.017883300781 
    0.0041269841  -0.023590087891 
    0.0041496599  -0.031372070312 
    0.0041723356  -0.041839599609 
    0.0041950113  -0.054840087891 
    0.0042176871  -0.069458007812 
    0.0042403628  -0.084106445312 
    0.0042630385  -0.097198486328 
    0.0042857143   -0.10699462891 
      0.00430839   -0.11325073242 
    0.0043310658   -0.11535644531 
    0.0043537415   -0.11471557617 
    0.0043764172   -0.11212158203 
     0.004399093   -0.10821533203 
    0.0044217687   -0.10284423828 
    0.0044444444  -0.096649169922 
    0.0044671202  -0.088836669922 
    0.0044897959  -0.078918457031 
    0.0045124717  -0.067687988281 
    0.0045351474  -0.054901123047 
    0.0045578231  -0.042633056641 
    0.0045804989  -0.030975341797 
    0.0046031746  -0.021057128906 
    0.0046258503  -0.013366699219 
    0.0046485261  -0.0074157714844 
    0.0046712018  -0.0022583007812 
    0.0046938776  0.0030517578125 
    0.0047165533  0.0077209472656 
     0.004739229   0.011566162109 
    0.0047619048   0.013977050781 
    0.0047845805     0.0146484375 
    0.0048072562   0.013549804688 
     0.004829932   0.010955810547 
    0.0048526077  0.0073852539062 
    0.0048752834  0.0030212402344 
    0.0048979592  -0.0018615722656 
    0.0049206349    -0.0068359375 
    0.0049433107  -0.011474609375 
    0.0049659864  -0.016235351562 
    0.0049886621  -0.020080566406 
    0.0050113379  -0.023895263672 
    0.0050340136    -0.0263671875 
    0.0050566893  -0.027404785156 
    0.0050793651  -0.027557373047 
    0.0051020408  -0.026062011719 
    0.0051247166  -0.023590087891 
    0.0051473923  -0.019714355469 
     0.005170068  -0.014343261719 
    0.0051927438  -0.0068969726562 
    0.0052154195  0.0021057128906 
    0.0052380952   0.012878417969 
     0.005260771   0.025421142578 
    0.0052834467   0.038848876953 
    0.0053061224   0.051818847656 
    0.0053287982   0.062713623047 
    0.0053514739   0.070648193359 
    0.0053741497   0.074859619141 
    0.0053968254   0.074829101562 
    0.0054195011   0.071472167969 
    0.0054421769   0.065551757812 
    0.0054648526   0.057067871094 
    0.0054875283   0.046417236328 
    0.0055102041   0.033660888672 
    0.0055328798   0.019195556641 
    0.0055555556     0.0048828125 
    0.0055782313  -0.008544921875 
     0.005600907  -0.020233154297 
    0.0056235828  -0.029235839844 
    0.0056462585  -0.035675048828 
    0.0056689342  -0.039367675781 
      0.00569161  -0.041442871094 
    0.0057142857   -0.04248046875 
    0.0057369615  -0.043151855469 
    0.0057596372  -0.044342041016 
    0.0057823129        -0.046875 
    0.0058049887  -0.050537109375 
    0.0058276644  -0.054504394531 
    0.0058503401   -0.05810546875 
    0.0058730159  -0.060974121094 
    0.0058956916  -0.063751220703 
    0.0059183673  -0.065612792969 
    0.0059410431  -0.067169189453 
    0.0059637188  -0.067687988281 
    0.0059863946  -0.065856933594 
    0.0060090703  -0.060424804688 
     0.006031746  -0.050933837891 
    0.0060544218  -0.037567138672 
    0.0060770975  -0.021301269531 
