; Sample Rate 44100
; Channels 1
               0  -0.0062866210938 
   2.2675737e-05  -0.0020751953125 
   4.5351474e-05  0.0035705566406 
   6.8027211e-05   0.010284423828 
   9.0702948e-05   0.018341064453 
   0.00011337868   0.027557373047 
   0.00013605442   0.038299560547 
   0.00015873016   0.049774169922 
    0.0001814059   0.061676025391 
   0.00020408163   0.073059082031 
   0.00022675737    0.08349609375 
   0.00024943311   0.092559814453 
   0.00027210884   0.099456787109 
   0.00029478458    0.10391235352 
   0.00031746032    0.10626220703 
   0.00034013605    0.10684204102 
   0.00036281179    0.10540771484 
   0.00038548753     0.1018371582 
   0.00040816327   0.096252441406 
     0.000430839   0.088897705078 
   0.00045351474   0.079254150391 
   0.00047619048   0.068389892578 
   0.00049886621    0.05615234375 
   0.00052154195   0.043182373047 
   0.00054421769   0.030151367188 
   0.00056689342     0.0166015625 
   0.00058956916  0.0038757324219 
    0.0006122449  -0.0080261230469 
   0.00063492063  -0.018524169922 
   0.00065759637  -0.027709960938 
   0.00068027211  -0.035888671875 
   0.00070294785  -0.043273925781 
   0.00072562358  -0.050231933594 
   0.00074829932  -0.056304931641 
   0.00077097506  -0.061950683594 
   0.00079365079      -0.06640625 
   0.00081632653  -0.070404052734 
   0.00083900227  -0.072906494141 
     0.000861678  -0.074279785156 
   0.00088435374  -0.073638916016 
   0.00090702948  -0.070983886719 
   0.00092970522  -0.066436767578 
   0.00095238095  -0.060211181641 
   0.00097505669  -0.052673339844 
   0.00099773243  -0.042846679688 
    0.0010204082  -0.030822753906 
    0.0010430839  -0.016845703125 
    0.0010657596  -0.0003662109375 
    0.0010884354   0.018981933594 
    0.0011111111   0.041320800781 
    0.0011337868   0.066223144531 
    0.0011564626   0.093475341797 
    0.0011791383    0.12240600586 
    0.0012018141    0.15252685547 
    0.0012244898    0.18231201172 
    0.0012471655    0.21008300781 
    0.0012698413    0.23403930664 
     0.001292517    0.25173950195 
    0.0013151927    0.26147460938 
    0.0013378685    0.26245117188 
    0.0013605442    0.25375366211 
      0.00138322     0.2360534668 
    0.0014058957    0.21035766602 
    0.0014285714    0.17819213867 
    0.0014512472    0.14239501953 
    0.0014739229    0.10482788086 
    0.0014965986   0.068572998047 
    0.0015192744   0.035034179688 
    0.0015419501    0.00634765625 
    0.0015646259  -0.015777587891 
    0.0015873016  -0.030517578125 
    0.0016099773  -0.037841796875 
    0.0016326531  -0.037811279297 
    0.0016553288  -0.030212402344 
    0.0016780045  -0.016693115234 
    0.0017006803  0.0014343261719 
     0.001723356   0.022430419922 
    0.0017460317   0.045257568359 
    0.0017687075   0.068298339844 
    0.0017913832   0.090637207031 
     0.001814059    0.11157226562 
    0.0018367347    0.13049316406 
    0.0018594104    0.14749145508 
    0.0018820862    0.16192626953 
    0.0019047619     0.1735534668 
    0.0019274376    0.18194580078 
    0.0019501134    0.18698120117 
    0.0019727891    0.18811035156 
    0.0019954649    0.18481445312 
    0.0020181406    0.17620849609 
    0.0020408163     0.1618347168 
    0.0020634921     0.1413269043 
    0.0020861678    0.11557006836 
    0.0021088435   0.085510253906 
    0.0021315193   0.051879882812 
     0.002154195   0.017028808594 
    0.0021768707  -0.017120361328 
    0.0021995465  -0.050842285156 
    0.0022222222  -0.081176757812 
     0.002244898   -0.10604858398 
    0.0022675737    -0.1252746582 
    0.0022902494   -0.13876342773 
    0.0023129252   -0.14636230469 
    0.0023356009   -0.14837646484 
    0.0023582766   -0.14639282227 
    0.0023809524   -0.14041137695 
    0.0024036281    -0.1315612793 
    0.0024263039   -0.12100219727 
    0.0024489796   -0.10943603516 
    0.0024716553  -0.098510742188 
    0.0024943311      -0.08984375 
    0.0025170068  -0.082244873047 
    0.0025396825  -0.077270507812 
    0.0025623583  -0.077514648438 
     0.002585034  -0.081726074219 
    0.0026077098  -0.087432861328 
    0.0026303855  -0.095001220703 
    0.0026530612   -0.10382080078 
     0.002675737   -0.11001586914 
    0.0026984127   -0.11499023438 
    0.0027210884   -0.11929321289 
    0.0027437642   -0.11972045898 
    0.0027664399   -0.11666870117 
    0.0027891156   -0.11190795898 
    0.0028117914   -0.10446166992 
    0.0028344671  -0.094909667969 
    0.0028571429  -0.084533691406 
    0.0028798186  -0.074340820312 
    0.0029024943  -0.064910888672 
    0.0029251701  -0.056518554688 
    0.0029478458  -0.048736572266 
    0.0029705215  -0.041961669922 
    0.0029931973  -0.036041259766 
     0.003015873  -0.030914306641 
    0.0030385488  -0.026794433594 
    0.0030612245  -0.022583007812 
    0.0030839002  -0.018798828125 
     0.003106576  -0.014984130859 
    0.0031292517  -0.011352539062 
    0.0031519274   -0.00732421875 
    0.0031746032  -0.0033874511719 
    0.0031972789  -0.00042724609375 
    0.0032199546  0.0016174316406 
    0.0032426304  0.0025634765625 
    0.0032653061  0.0027770996094 
    0.0032879819  0.0026245117188 
    0.0033106576  0.0034484863281 
    0.0033333333  0.0050354003906 
    0.0033560091  0.0075378417969 
    0.0033786848   0.010803222656 
    0.0034013605     0.0146484375 
    0.0034240363   0.018646240234 
     0.003446712   0.022857666016 
    0.0034693878   0.026794433594 
    0.0034920635   0.030426025391 
    0.0035147392   0.033782958984 
     0.003537415   0.035949707031 
    0.0035600907      0.037109375 
    0.0035827664   0.037292480469 
    0.0036054422   0.036376953125 
    0.0036281179   0.034637451172 
    0.0036507937   0.031311035156 
    0.0036734694   0.026123046875 
    0.0036961451   0.019897460938 
    0.0037188209   0.012420654297 
    0.0037414966  0.0050048828125 
    0.0037641723  -0.0022277832031 
    0.0037868481  -0.0091857910156 
    0.0038095238   -0.01416015625 
    0.0038321995  -0.017730712891 
    0.0038548753  -0.019805908203 
     0.003877551  -0.021057128906 
    0.0039002268  -0.021179199219 
    0.0039229025  -0.021423339844 
    0.0039455782   -0.02099609375 
     0.003968254  -0.020599365234 
    0.0039909297  -0.020416259766 
    0.0040136054  -0.020477294922 
    0.0040362812  -0.020385742188 
    0.0040589569  -0.022064208984 
    0.0040816327  -0.025177001953 
    0.0041043084  -0.029571533203 
    0.0041269841  -0.035308837891 
    0.0041496599  -0.043365478516 
    0.0041723356  -0.053131103516 
    0.0041950113  -0.064178466797 
    0.0042176871  -0.076843261719 
    0.0042403628      -0.08984375 
    0.0042630385   -0.10256958008 
    0.0042857143   -0.11428833008 
      0.00430839   -0.12396240234 
    0.0043310658   -0.13082885742 
    0.0043537415   -0.13427734375 
    0.0043764172   -0.13412475586 
     0.004399093   -0.13049316406 
    0.0044217687   -0.12359619141 
    0.0044444444   -0.11413574219 
    0.0044671202   -0.10275268555 
    0.0044897959  -0.090118408203 
    0.0045124717  -0.076904296875 
    0.0045351474  -0.064727783203 
    0.0045578231  -0.053955078125 
    0.0045804989  -0.044830322266 
    0.0046031746  -0.038208007812 
    0.0046258503  -0.033111572266 
    0.0046485261  -0.029602050781 
    0.0046712018  -0.027679443359 
    0.0046938776  -0.026550292969 
    0.0047165533  -0.026153564453 
     0.004739229  -0.026336669922 
    0.0047619048  -0.026428222656 
    0.0047845805  -0.026428222656 
    0.0048072562  -0.026031494141 
     0.004829932  -0.024719238281 
    0.0048526077  -0.022430419922 
    0.0048752834  -0.019134521484 
    0.0048979592  -0.015045166016 
    0.0049206349  -0.010192871094 
    0.0049433107  -0.004638671875 
    0.0049659864  0.0011596679688 
    0.0049886621  0.0068664550781 
    0.0050113379   0.012298583984 
    0.0050340136   0.016693115234 
    0.0050566893   0.020050048828 
    0.0050793651   0.022033691406 
    0.0051020408   0.024230957031 
    0.0051247166   0.026458740234 
    0.0051473923   0.028869628906 
     0.005170068   0.031951904297 
    0.0051927438   0.035888671875 
    0.0052154195   0.039642333984 
    0.0052380952   0.043426513672 
     0.005260771   0.046417236328 
    0.0052834467   0.048217773438 
    0.0053061224   0.049102783203 
    0.0053287982   0.048675537109 
    0.0053514739   0.046630859375 
    0.0053741497   0.042938232422 
    0.0053968254   0.037170410156 
    0.0054195011   0.029663085938 
    0.0054421769   0.021179199219 
    0.0054648526   0.012573242188 
    0.0054875283  0.0036926269531 
    0.0055102041  -0.0042724609375 
    0.0055328798  -0.011688232422 
    0.0055555556  -0.017852783203 
    0.0055782313  -0.023376464844 
     0.005600907  -0.027160644531 
    0.0056235828  -0.029388427734 
    0.0056462585    -0.0302734375 
    0.0056689342  -0.030364990234 
      0.00569161  -0.029754638672 
    0.0057142857  -0.029266357422 
    0.0057369615  -0.028564453125 
    0.0057596372  -0.028198242188 
    0.0057823129  -0.028289794922 
    0.0058049887  -0.028015136719 
    0.0058276644  -0.027130126953 
    0.0058503401  -0.025939941406 
    0.0058730159  -0.024078369141 
    0.0058956916  -0.021728515625 
    0.0059183673  -0.018615722656 
    0.0059410431  -0.015441894531 
    0.0059637188  -0.012451171875 
    0.0059863946  -0.0094909667969 
    0.0060090703  -0.0072631835938 
     0.006031746  -0.0056457519531 
    0.0060544218      -0.00390625 
