; Sample Rate 44100
; Channels 1
               0  -0.00030517578125 
   2.2675737e-05   0.018432617188 
   4.5351474e-05   0.036193847656 
   6.8027211e-05   0.051666259766 
   9.0702948e-05   0.064331054688 
   0.00011337868   0.074157714844 
   0.00013605442   0.081848144531 
   0.00015873016   0.087280273438 
    0.0001814059   0.091033935547 
   0.00020408163   0.093078613281 
   0.00022675737   0.093719482422 
   0.00024943311   0.093078613281 
   0.00027210884   0.091278076172 
   0.00029478458   0.088653564453 
   0.00031746032   0.085815429688 
   0.00034013605   0.083160400391 
   0.00036281179   0.079986572266 
   0.00038548753   0.076721191406 
   0.00040816327   0.072143554688 
     0.000430839   0.066101074219 
   0.00045351474   0.058776855469 
   0.00047619048   0.049957275391 
   0.00049886621   0.039947509766 
   0.00052154195   0.029205322266 
   0.00054421769   0.016540527344 
   0.00056689342   0.002685546875 
   0.00058956916  -0.012512207031 
    0.0006122449  -0.028076171875 
   0.00063492063  -0.043701171875 
   0.00065759637  -0.057800292969 
   0.00068027211  -0.070373535156 
   0.00070294785  -0.080780029297 
   0.00072562358  -0.089508056641 
   0.00074829932  -0.095520019531 
   0.00077097506  -0.099090576172 
   0.00079365079  -0.099304199219 
   0.00081632653  -0.095825195312 
   0.00083900227  -0.088043212891 
     0.000861678  -0.076019287109 
   0.00088435374  -0.059997558594 
   0.00090702948  -0.040649414062 
   0.00092970522  -0.018646240234 
   0.00095238095  0.0058288574219 
   0.00097505669   0.033020019531 
   0.00099773243   0.063446044922 
    0.0010204082   0.097351074219 
    0.0010430839    0.13500976562 
    0.0010657596     0.1760559082 
    0.0010884354    0.21890258789 
    0.0011111111    0.26113891602 
    0.0011337868    0.29867553711 
    0.0011564626    0.32702636719 
    0.0011791383    0.34164428711 
    0.0012018141    0.34002685547 
    0.0012244898    0.32177734375 
    0.0012471655    0.28875732422 
    0.0012698413    0.24392700195 
     0.001292517    0.19119262695 
    0.0013151927    0.13366699219 
    0.0013378685   0.075469970703 
    0.0013605442   0.020172119141 
      0.00138322  -0.028991699219 
    0.0014058957  -0.069366455078 
    0.0014285714  -0.099853515625 
    0.0014512472   -0.11920166016 
    0.0014739229   -0.12789916992 
    0.0014965986   -0.12655639648 
    0.0015192744   -0.11663818359 
    0.0015419501   -0.10067749023 
    0.0015646259  -0.080413818359 
    0.0015873016  -0.057006835938 
    0.0016099773  -0.030212402344 
    0.0016326531  -0.00091552734375 
    0.0016553288   0.029907226562 
    0.0016780045   0.061370849609 
    0.0017006803   0.092407226562 
     0.001723356    0.12222290039 
    0.0017460317    0.15045166016 
    0.0017687075    0.17608642578 
    0.0017913832    0.19909667969 
     0.001814059    0.21926879883 
    0.0018367347    0.23651123047 
    0.0018594104    0.25094604492 
    0.0018820862    0.26138305664 
    0.0019047619    0.26614379883 
    0.0019274376    0.26342773438 
    0.0019501134    0.25079345703 
    0.0019727891    0.22738647461 
    0.0019954649    0.19281005859 
    0.0020181406    0.14831542969 
    0.0020408163   0.096282958984 
    0.0020634921     0.0400390625 
    0.0020861678  -0.016906738281 
    0.0021088435  -0.071014404297 
    0.0021315193   -0.11862182617 
     0.002154195   -0.15747070312 
    0.0021768707    -0.1865234375 
    0.0021995465   -0.20559692383 
    0.0022222222   -0.21533203125 
     0.002244898   -0.21722412109 
    0.0022675737   -0.21298217773 
    0.0022902494   -0.20404052734 
    0.0023129252   -0.19158935547 
    0.0023356009   -0.17614746094 
    0.0023582766   -0.15805053711 
    0.0023809524   -0.13888549805 
    0.0024036281   -0.11987304688 
    0.0024263039   -0.10232543945 
    0.0024489796  -0.087341308594 
    0.0024716553  -0.075408935547 
    0.0024943311  -0.066680908203 
    0.0025170068  -0.060607910156 
    0.0025396825  -0.056579589844 
    0.0025623583  -0.053741455078 
     0.002585034  -0.050415039062 
    0.0026077098  -0.046630859375 
    0.0026303855  -0.041564941406 
    0.0026530612  -0.035339355469 
     0.002675737  -0.028259277344 
    0.0026984127  -0.020782470703 
    0.0027210884  -0.014465332031 
    0.0027437642  -0.0093688964844 
    0.0027664399   -0.00634765625 
    0.0027891156  -0.0054016113281 
    0.0028117914  -0.0063171386719 
    0.0028344671  -0.0092163085938 
    0.0028571429  -0.013061523438 
    0.0028798186  -0.016662597656 
    0.0029024943  -0.019653320312 
    0.0029251701  -0.021881103516 
    0.0029478458  -0.022705078125 
    0.0029705215  -0.022735595703 
    0.0029931973  -0.021911621094 
     0.003015873  -0.021179199219 
    0.0030385488  -0.020172119141 
    0.0030612245  -0.018981933594 
    0.0030839002  -0.017639160156 
     0.003106576  -0.016693115234 
    0.0031292517  -0.016143798828 
    0.0031519274  -0.016418457031 
    0.0031746032  -0.018005371094 
    0.0031972789  -0.020721435547 
    0.0032199546  -0.023468017578 
    0.0032426304  -0.024871826172 
    0.0032653061  -0.025024414062 
    0.0032879819  -0.023315429688 
    0.0033106576  -0.019805908203 
    0.0033333333  -0.013977050781 
    0.0033560091  -0.0064086914062 
    0.0033786848  0.0017395019531 
    0.0034013605  0.0093994140625 
    0.0034240363   0.015899658203 
     0.003446712   0.021179199219 
    0.0034693878   0.024475097656 
    0.0034920635   0.026763916016 
    0.0035147392   0.028015136719 
     0.003537415   0.028533935547 
    0.0035600907    0.02783203125 
    0.0035827664   0.026306152344 
    0.0036054422   0.023895263672 
    0.0036281179   0.020660400391 
    0.0036507937   0.015747070312 
    0.0036734694  0.0084533691406 
    0.0036961451  -0.00076293945312 
    0.0037188209  -0.012054443359 
    0.0037414966  -0.025360107422 
    0.0037641723  -0.038238525391 
    0.0037868481  -0.048767089844 
    0.0038095238  -0.054931640625 
    0.0038321995  -0.056671142578 
    0.0038548753  -0.054931640625 
     0.003877551  -0.050567626953 
    0.0039002268  -0.045227050781 
    0.0039229025  -0.039672851562 
    0.0039455782  -0.034210205078 
     0.003968254  -0.028015136719 
    0.0039909297  -0.022125244141 
    0.0040136054  -0.016387939453 
    0.0040362812  -0.011993408203 
    0.0040589569  -0.010040283203 
    0.0040816327  -0.010345458984 
    0.0041043084  -0.012817382812 
    0.0041269841  -0.017395019531 
    0.0041496599  -0.024810791016 
    0.0041723356  -0.035247802734 
    0.0041950113  -0.048858642578 
    0.0042176871  -0.065399169922 
    0.0042403628  -0.082183837891 
    0.0042630385      -0.09765625 
    0.0042857143   -0.11001586914 
      0.00430839   -0.11846923828 
    0.0043310658   -0.12240600586 
    0.0043537415   -0.12231445312 
    0.0043764172   -0.11898803711 
     0.004399093   -0.11386108398 
    0.0044217687   -0.10760498047 
    0.0044444444  -0.099853515625 
    0.0044671202  -0.090911865234 
    0.0044897959  -0.080596923828 
    0.0045124717  -0.068176269531 
    0.0045351474       -0.0546875 
    0.0045578231  -0.041107177734 
    0.0045804989  -0.028778076172 
    0.0046031746  -0.018615722656 
    0.0046258503  -0.011199951172 
    0.0046485261  -0.006103515625 
    0.0046712018  -0.0017700195312 
    0.0046938776  0.0024108886719 
    0.0047165533  0.0066528320312 
     0.004739229   0.010650634766 
    0.0047619048   0.013580322266 
    0.0047845805   0.015014648438 
    0.0048072562   0.014739990234 
     0.004829932   0.012939453125 
    0.0048526077  0.0098876953125 
    0.0048752834  0.0058288574219 
    0.0048979592  0.0012512207031 
    0.0049206349  -0.003662109375 
    0.0049433107  -0.0086975097656 
    0.0049659864  -0.013732910156 
    0.0049886621  -0.018035888672 
    0.0050113379  -0.021759033203 
    0.0050340136  -0.025115966797 
    0.0050566893  -0.027374267578 
    0.0050793651  -0.028198242188 
    0.0051020408  -0.027648925781 
    0.0051247166  -0.025543212891 
    0.0051473923  -0.021636962891 
     0.005170068  -0.016296386719 
    0.0051927438  -0.0084838867188 
    0.0052154195    0.00146484375 
    0.0052380952   0.013031005859 
     0.005260771   0.025756835938 
    0.0052834467   0.038360595703 
    0.0053061224   0.050720214844 
    0.0053287982   0.061279296875 
    0.0053514739   0.068786621094 
    0.0053741497    0.07275390625 
    0.0053968254   0.073181152344 
    0.0054195011   0.070220947266 
    0.0054421769   0.064758300781 
    0.0054648526   0.057037353516 
    0.0054875283   0.046813964844 
    0.0055102041   0.034698486328 
    0.0055328798   0.020874023438 
    0.0055555556  0.0065002441406 
    0.0055782313  -0.0071716308594 
     0.005600907  -0.018768310547 
    0.0056235828  -0.027313232422 
    0.0056462585  -0.033142089844 
    0.0056689342  -0.036468505859 
      0.00569161  -0.037750244141 
    0.0057142857  -0.038513183594 
    0.0057369615  -0.039520263672 
    0.0057596372  -0.041564941406 
    0.0057823129  -0.045379638672 
    0.0058049887  -0.049865722656 
    0.0058276644  -0.054595947266 
    0.0058503401  -0.058166503906 
    0.0058730159  -0.060455322266 
    0.0058956916  -0.062194824219 
    0.0059183673  -0.063720703125 
    0.0059410431  -0.065093994141 
    0.0059637188  -0.065643310547 
    0.0059863946  -0.064056396484 
    0.0060090703  -0.059020996094 
     0.006031746  -0.049957275391 
    0.0060544218  -0.037139892578 
