; Sample Rate 44100
; Channels 1
               0  -0.003662109375 
   2.2675737e-05  -0.004150390625 
   4.5351474e-05  -0.0052795410156 
   6.8027211e-05  -0.0062561035156 
   9.0702948e-05  -0.0078430175781 
   0.00011337868  -0.0093994140625 
   0.00013605442  -0.010223388672 
   0.00015873016  -0.010131835938 
    0.0001814059  -0.0093688964844 
   0.00020408163  -0.0074768066406 
   0.00022675737  -0.0041809082031 
   0.00024943311  -6.103515625e-05 
   0.00027210884  0.0053100585938 
   0.00029478458   0.011596679688 
   0.00031746032   0.019104003906 
   0.00034013605   0.027374267578 
   0.00036281179   0.036285400391 
   0.00038548753   0.045593261719 
   0.00040816327   0.054656982422 
     0.000430839   0.063446044922 
   0.00045351474   0.070770263672 
   0.00047619048   0.076904296875 
   0.00049886621   0.081665039062 
   0.00052154195   0.084197998047 
   0.00054421769   0.085021972656 
   0.00056689342    0.08349609375 
   0.00058956916   0.080383300781 
    0.0006122449   0.075225830078 
   0.00063492063   0.068481445312 
   0.00065759637   0.059967041016 
   0.00068027211   0.050170898438 
   0.00070294785   0.039642333984 
   0.00072562358   0.028625488281 
   0.00074829932   0.017700195312 
   0.00077097506  0.0075378417969 
   0.00079365079  -0.0016784667969 
   0.00081632653  -0.010223388672 
   0.00083900227  -0.017791748047 
     0.000861678  -0.024047851562 
   0.00088435374  -0.029388427734 
   0.00090702948  -0.034118652344 
   0.00092970522  -0.038421630859 
   0.00095238095  -0.042388916016 
   0.00097505669  -0.045471191406 
   0.00099773243  -0.048187255859 
    0.0010204082  -0.050170898438 
    0.0010430839  -0.051116943359 
    0.0010657596  -0.051208496094 
    0.0010884354  -0.049835205078 
    0.0011111111  -0.047180175781 
    0.0011337868  -0.042572021484 
    0.0011564626  -0.036285400391 
    0.0011791383  -0.027374267578 
    0.0012018141  -0.015289306641 
    0.0012244898  6.103515625e-05 
    0.0012471655       0.01953125 
    0.0012698413   0.042816162109 
     0.001292517   0.070037841797 
    0.0013151927    0.10043334961 
    0.0013378685    0.13375854492 
    0.0013605442    0.16818237305 
      0.00138322    0.20205688477 
    0.0014058957    0.23229980469 
    0.0014285714    0.25723266602 
    0.0014512472    0.27459716797 
    0.0014739229    0.28262329102 
    0.0014965986    0.28079223633 
    0.0015192744    0.26885986328 
    0.0015419501    0.24807739258 
    0.0015646259    0.21990966797 
    0.0015873016     0.1865234375 
    0.0016099773    0.15005493164 
    0.0016326531    0.11242675781 
    0.0016553288   0.075347900391 
    0.0016780045      0.041015625 
    0.0017006803   0.010986328125 
     0.001723356   -0.01318359375 
    0.0017460317  -0.030700683594 
    0.0017687075  -0.041107177734 
    0.0017913832  -0.044128417969 
     0.001814059  -0.040374755859 
    0.0018367347   -0.03076171875 
    0.0018594104  -0.016174316406 
    0.0018820862  0.0025939941406 
    0.0019047619   0.024169921875 
    0.0019274376   0.047241210938 
    0.0019501134   0.070892333984 
    0.0019727891   0.093902587891 
    0.0019954649    0.11584472656 
    0.0020181406     0.1357421875 
    0.0020408163    0.15362548828 
    0.0020634921    0.16885375977 
    0.0020861678    0.18130493164 
    0.0021088435    0.18994140625 
    0.0021315193    0.19427490234 
     0.002154195    0.19287109375 
    0.0021768707    0.18493652344 
    0.0021995465    0.17016601562 
    0.0022222222    0.14916992188 
     0.002244898    0.12258911133 
    0.0022675737   0.089294433594 
    0.0022902494   0.051574707031 
    0.0023129252   0.012023925781 
    0.0023356009  -0.028015136719 
    0.0023582766  -0.066589355469 
    0.0023809524   -0.10125732422 
    0.0024036281   -0.13021850586 
    0.0024263039   -0.15362548828 
    0.0024489796   -0.17123413086 
    0.0024716553   -0.18276977539 
    0.0024943311   -0.18731689453 
    0.0025170068   -0.18643188477 
    0.0025396825   -0.18167114258 
    0.0025623583   -0.17321777344 
     0.002585034   -0.16168212891 
    0.0026077098   -0.14782714844 
    0.0026303855   -0.13327026367 
    0.0026530612   -0.11907958984 
     0.002675737   -0.10516357422 
    0.0026984127  -0.092681884766 
    0.0027210884  -0.085845947266 
    0.0027437642  -0.079223632812 
    0.0027664399  -0.072387695312 
    0.0027891156  -0.070251464844 
    0.0028117914  -0.068389892578 
    0.0028344671  -0.064910888672 
    0.0028571429  -0.064697265625 
    0.0028798186  -0.064605712891 
    0.0029024943  -0.062835693359 
    0.0029251701  -0.061096191406 
    0.0029478458  -0.059326171875 
    0.0029705215  -0.056549072266 
    0.0029931973  -0.053924560547 
     0.003015873  -0.051849365234 
    0.0030385488  -0.049377441406 
    0.0030612245  -0.047180175781 
    0.0030839002  -0.045623779297 
     0.003106576  -0.043975830078 
    0.0031292517  -0.042175292969 
    0.0031519274  -0.040008544922 
    0.0031746032  -0.036926269531 
    0.0031972789  -0.033294677734 
    0.0032199546  -0.028717041016 
    0.0032426304  -0.023010253906 
    0.0032653061  -0.017272949219 
    0.0032879819      -0.01171875 
    0.0033106576  -0.0054931640625 
    0.0033333333  0.00027465820312 
    0.0033560091  0.0054931640625 
    0.0033786848  0.0098266601562 
    0.0034013605   0.012542724609 
    0.0034240363   0.013916015625 
     0.003446712   0.014373779297 
    0.0034693878   0.014007568359 
    0.0034920635   0.012756347656 
    0.0035147392   0.011413574219 
     0.003537415  0.0097351074219 
    0.0035600907     0.0087890625 
    0.0035827664  0.0091857910156 
    0.0036054422   0.010437011719 
    0.0036281179   0.012451171875 
    0.0036507937   0.015472412109 
    0.0036734694   0.018951416016 
    0.0036961451   0.022216796875 
    0.0037188209   0.024963378906 
    0.0037414966   0.026397705078 
    0.0037641723   0.026885986328 
    0.0037868481   0.025817871094 
    0.0038095238   0.023223876953 
    0.0038321995   0.019561767578 
    0.0038548753   0.014434814453 
     0.003877551  0.0076904296875 
    0.0039002268  -6.103515625e-05 
    0.0039229025  -0.0083618164062 
    0.0039455782  -0.017059326172 
     0.003968254  -0.025268554688 
    0.0039909297  -0.032501220703 
    0.0040136054  -0.037994384766 
    0.0040362812  -0.041412353516 
    0.0040589569  -0.043579101562 
    0.0040816327  -0.044525146484 
    0.0041043084  -0.044464111328 
    0.0041269841  -0.044067382812 
    0.0041496599  -0.044097900391 
    0.0041723356  -0.043518066406 
    0.0041950113  -0.042694091797 
    0.0042176871  -0.042633056641 
    0.0042403628  -0.043426513672 
    0.0042630385     -0.044921875 
    0.0042857143  -0.047210693359 
      0.00430839  -0.050659179688 
    0.0043310658  -0.055084228516 
    0.0043537415  -0.060302734375 
    0.0043764172  -0.066345214844 
     0.004399093  -0.073547363281 
    0.0044217687  -0.081695556641 
    0.0044444444   -0.09033203125 
    0.0044671202  -0.098724365234 
    0.0044897959   -0.10610961914 
    0.0045124717   -0.11212158203 
    0.0045351474   -0.11575317383 
    0.0045578231   -0.11645507812 
    0.0045804989   -0.11392211914 
    0.0046031746    -0.1083984375 
    0.0046258503   -0.10049438477 
    0.0046485261  -0.090759277344 
    0.0046712018  -0.080017089844 
    0.0046938776  -0.069519042969 
    0.0047165533  -0.058868408203 
     0.004739229  -0.048889160156 
    0.0047619048  -0.040557861328 
    0.0047845805  -0.033508300781 
    0.0048072562  -0.028167724609 
     0.004829932  -0.023895263672 
    0.0048526077  -0.021240234375 
    0.0048752834  -0.019500732422 
    0.0048979592  -0.018707275391 
    0.0049206349  -0.018371582031 
    0.0049433107  -0.017913818359 
    0.0049659864  -0.017272949219 
    0.0049886621  -0.015899658203 
    0.0050113379  -0.013732910156 
    0.0050340136  -0.010620117188 
    0.0050566893  -0.0066528320312 
    0.0050793651  -0.0025024414062 
    0.0051020408     0.0029296875 
    0.0051247166  0.0080871582031 
    0.0051473923   0.012817382812 
     0.005170068   0.017272949219 
    0.0051927438   0.021301269531 
    0.0052154195   0.024444580078 
    0.0052380952   0.026702880859 
     0.005260771   0.027923583984 
    0.0052834467   0.029022216797 
    0.0053061224   0.029602050781 
    0.0053287982   0.029968261719 
    0.0053514739   0.030517578125 
    0.0053741497   0.031829833984 
    0.0053968254   0.033447265625 
    0.0054195011   0.035461425781 
    0.0054421769   0.037902832031 
    0.0054648526   0.040496826172 
    0.0054875283   0.042907714844 
    0.0055102041   0.044311523438 
    0.0055328798   0.044494628906 
    0.0055555556   0.042785644531 
    0.0055782313    0.03955078125 
     0.005600907   0.034545898438 
    0.0056235828   0.028503417969 
    0.0056462585    0.02099609375 
    0.0056689342   0.012878417969 
      0.00569161  0.0046691894531 
    0.0057142857  -0.0032348632812 
    0.0057369615  -0.010955810547 
    0.0057596372  -0.017700195312 
    0.0057823129  -0.023162841797 
    0.0058049887  -0.026916503906 
    0.0058276644  -0.028778076172 
    0.0058503401  -0.029418945312 
    0.0058730159  -0.028869628906 
    0.0058956916  -0.027313232422 
    0.0059183673  -0.024810791016 
    0.0059410431   -0.02197265625 
    0.0059637188  -0.018646240234 
    0.0059863946  -0.015655517578 
    0.0060090703  -0.013488769531 
     0.006031746  -0.011871337891 
    0.0060544218  -0.010589599609 
    0.0060770975  -0.0094299316406 
    0.0060997732  -0.0088195800781 
     0.006122449    -0.0087890625 
    0.0061451247  -0.0096740722656 
    0.0061678005  -0.011566162109 
    0.0061904762  -0.014221191406 
    0.0062131519   -0.01708984375 
    0.0062358277  -0.019653320312 
    0.0062585034  -0.021240234375 
    0.0062811791  -0.021240234375 
    0.0063038549  -0.019561767578 
    0.0063265306  -0.015808105469 
    0.0063492063  -0.010314941406 
