; Sample Rate 44100
; Channels 1
               0  -0.0024719238281 
   2.2675737e-05  -0.0010375976562 
   4.5351474e-05  0.0011901855469 
   6.8027211e-05  0.0039978027344 
   9.0702948e-05  0.0073852539062 
   0.00011337868   0.011871337891 
   0.00013605442   0.017364501953 
   0.00015873016   0.023864746094 
    0.0001814059   0.031402587891 
   0.00020408163   0.039916992188 
   0.00022675737   0.049377441406 
   0.00024943311    0.05908203125 
   0.00027210884   0.068878173828 
   0.00029478458   0.078430175781 
   0.00031746032   0.086486816406 
   0.00034013605    0.09326171875 
   0.00036281179   0.098114013672 
   0.00038548753    0.10122680664 
   0.00040816327    0.10278320312 
     0.000430839    0.10220336914 
   0.00045351474    0.10018920898 
   0.00047619048   0.096618652344 
   0.00049886621   0.091064453125 
   0.00052154195   0.084106445312 
   0.00054421769   0.075653076172 
   0.00056689342   0.065399169922 
   0.00058956916   0.054016113281 
    0.0006122449     0.0419921875 
   0.00063492063   0.029541015625 
   0.00065759637   0.016906738281 
   0.00068027211  0.0053100585938 
   0.00070294785  -0.0057373046875 
   0.00072562358  -0.015441894531 
   0.00074829932  -0.023834228516 
   0.00077097506  -0.031646728516 
   0.00079365079  -0.038696289062 
   0.00081632653  -0.046325683594 
   0.00083900227  -0.054107666016 
     0.000861678  -0.061248779297 
   0.00088435374  -0.067443847656 
   0.00090702948  -0.072784423828 
   0.00092970522  -0.076232910156 
   0.00095238095  -0.077758789062 
   0.00097505669  -0.078033447266 
   0.00099773243  -0.076263427734 
    0.0010204082  -0.072570800781 
    0.0010430839  -0.066864013672 
    0.0010657596  -0.059295654297 
    0.0010884354  -0.049468994141 
    0.0011111111  -0.036865234375 
    0.0011337868  -0.021820068359 
    0.0011564626  -0.0042114257812 
    0.0011791383   0.015747070312 
    0.0012018141   0.038238525391 
    0.0012244898    0.06298828125 
    0.0012471655   0.090026855469 
    0.0012698413    0.11834716797 
     0.001292517    0.14694213867 
    0.0013151927    0.17529296875 
    0.0013378685     0.2014465332 
    0.0013605442    0.22381591797 
      0.00138322    0.24005126953 
    0.0014058957    0.24884033203 
    0.0014285714    0.24899291992 
    0.0014512472    0.24017333984 
    0.0014739229    0.22348022461 
    0.0014965986    0.19937133789 
    0.0015192744    0.16928100586 
    0.0015419501    0.13470458984 
    0.0015646259    0.09814453125 
    0.0015873016   0.061798095703 
    0.0016099773   0.027862548828 
    0.0016326531   -0.00146484375 
    0.0016553288    -0.0244140625 
    0.0016780045  -0.040100097656 
    0.0017006803  -0.048065185547 
     0.001723356  -0.047943115234 
    0.0017460317  -0.040130615234 
    0.0017687075  -0.025634765625 
    0.0017913832  -0.0055847167969 
     0.001814059   0.018981933594 
    0.0018367347   0.045654296875 
    0.0018594104   0.073181152344 
    0.0018820862    0.10049438477 
    0.0019047619    0.12670898438 
    0.0019274376    0.15042114258 
    0.0019501134    0.17153930664 
    0.0019727891    0.18887329102 
    0.0019954649    0.20141601562 
    0.0020181406    0.20889282227 
    0.0020408163    0.21109008789 
    0.0020634921    0.20855712891 
    0.0020861678    0.20147705078 
    0.0021088435    0.18951416016 
    0.0021315193    0.17230224609 
     0.002154195    0.15002441406 
    0.0021768707    0.12338256836 
    0.0021995465   0.092498779297 
    0.0022222222    0.05908203125 
     0.002244898   0.024261474609 
    0.0022675737  -0.010284423828 
    0.0022902494  -0.042449951172 
    0.0023129252  -0.071899414062 
    0.0023356009  -0.097015380859 
    0.0023582766   -0.11773681641 
    0.0023809524   -0.13284301758 
    0.0024036281    -0.1416015625 
    0.0024263039   -0.14581298828 
    0.0024489796   -0.14599609375 
    0.0024716553   -0.14254760742 
    0.0024943311   -0.13641357422 
    0.0025170068   -0.12811279297 
    0.0025396825     -0.119140625 
    0.0025623583   -0.10900878906 
     0.002585034   -0.10107421875 
    0.0026077098     -0.095703125 
    0.0026303855  -0.091888427734 
    0.0026530612   -0.09130859375 
     0.002675737  -0.093200683594 
    0.0026984127  -0.094970703125 
    0.0027210884  -0.098175048828 
    0.0027437642   -0.10287475586 
    0.0027664399   -0.10720825195 
    0.0027891156   -0.11016845703 
    0.0028117914   -0.11096191406 
    0.0028344671   -0.10906982422 
    0.0028571429   -0.10510253906 
    0.0028798186  -0.098846435547 
    0.0029024943  -0.090423583984 
    0.0029251701  -0.080383300781 
    0.0029478458  -0.070404052734 
    0.0029705215  -0.061614990234 
    0.0029931973   -0.05419921875 
     0.003015873  -0.048889160156 
    0.0030385488  -0.044952392578 
    0.0030612245  -0.042449951172 
    0.0030839002  -0.041137695312 
     0.003106576  -0.040069580078 
    0.0031292517  -0.039276123047 
    0.0031519274  -0.038360595703 
    0.0031746032  -0.036590576172 
    0.0031972789  -0.034301757812 
    0.0032199546  -0.031402587891 
    0.0032426304  -0.027160644531 
    0.0032653061   -0.02294921875 
    0.0032879819      -0.01953125 
    0.0033106576  -0.015533447266 
    0.0033333333  -0.012359619141 
    0.0033560091  -0.009521484375 
    0.0033786848    -0.0068359375 
    0.0034013605  -0.0037841796875 
    0.0034240363  -0.000732421875 
     0.003446712  0.0022277832031 
    0.0034693878  0.0057067871094 
    0.0034920635  0.0099487304688 
    0.0035147392   0.014434814453 
     0.003537415   0.019012451172 
    0.0035600907   0.024139404297 
    0.0035827664   0.029846191406 
    0.0036054422   0.035095214844 
    0.0036281179   0.039428710938 
    0.0036507937   0.042572021484 
    0.0036734694   0.044586181641 
    0.0036961451   0.044494628906 
    0.0037188209    0.04248046875 
    0.0037414966   0.038269042969 
    0.0037641723   0.032562255859 
    0.0037868481    0.02490234375 
    0.0038095238   0.016662597656 
    0.0038321995  0.0079040527344 
    0.0038548753  -0.000732421875 
     0.003877551  -0.0090026855469 
    0.0039002268  -0.015441894531 
    0.0039229025  -0.019470214844 
    0.0039455782  -0.021362304688 
     0.003968254  -0.020568847656 
    0.0039909297  -0.018493652344 
    0.0040136054  -0.016632080078 
    0.0040362812  -0.014526367188 
    0.0040589569  -0.012573242188 
    0.0040816327  -0.011505126953 
    0.0041043084  -0.011596679688 
    0.0041269841  -0.013549804688 
    0.0041496599  -0.017272949219 
    0.0041723356  -0.022705078125 
    0.0041950113  -0.030456542969 
    0.0042176871  -0.040130615234 
    0.0042403628  -0.050476074219 
    0.0042630385  -0.061920166016 
    0.0042857143  -0.073577880859 
      0.00430839  -0.085296630859 
    0.0043310658  -0.096923828125 
    0.0043537415   -0.10772705078 
    0.0043764172   -0.11703491211 
     0.004399093   -0.12451171875 
    0.0044217687   -0.12933349609 
    0.0044444444   -0.13107299805 
    0.0044671202   -0.12979125977 
    0.0044897959    -0.1247253418 
    0.0045124717   -0.11669921875 
    0.0045351474   -0.10629272461 
    0.0045578231   -0.09423828125 
    0.0045804989  -0.081573486328 
    0.0046031746  -0.069244384766 
    0.0046258503  -0.058135986328 
    0.0046485261  -0.048309326172 
    0.0046712018  -0.040252685547 
    0.0046938776  -0.034240722656 
    0.0047165533  -0.030517578125 
     0.004739229  -0.028228759766 
    0.0047619048  -0.026672363281 
    0.0047845805  -0.025268554688 
    0.0048072562  -0.023681640625 
     0.004829932  -0.022094726562 
    0.0048526077  -0.019805908203 
    0.0048752834  -0.017395019531 
    0.0048979592  -0.014892578125 
    0.0049206349  -0.012298583984 
    0.0049433107  -0.0091857910156 
    0.0049659864  -0.0060424804688 
    0.0049886621  -0.0030517578125 
    0.0050113379  -0.00054931640625 
    0.0050340136  0.0015563964844 
    0.0050566893  0.0035400390625 
    0.0050793651  0.0058898925781 
    0.0051020408  0.0078430175781 
    0.0051247166   0.010223388672 
    0.0051473923   0.012115478516 
     0.005170068   0.014251708984 
    0.0051927438   0.016937255859 
    0.0052154195   0.019653320312 
    0.0052380952   0.022918701172 
     0.005260771   0.026184082031 
    0.0052834467   0.029205322266 
    0.0053061224   0.031951904297 
    0.0053287982   0.033905029297 
    0.0053514739   0.035736083984 
    0.0053741497   0.036682128906 
    0.0053968254   0.037017822266 
    0.0054195011   0.036285400391 
    0.0054421769   0.034515380859 
    0.0054648526   0.030792236328 
    0.0054875283   0.025634765625 
    0.0055102041   0.019439697266 
    0.0055328798   0.012542724609 
    0.0055555556  0.0055236816406 
    0.0055782313  -0.00076293945312 
     0.005600907  -0.0057067871094 
    0.0056235828     -0.009765625 
    0.0056462585  -0.012451171875 
    0.0056689342  -0.013488769531 
      0.00569161  -0.013732910156 
    0.0057142857  -0.014312744141 
    0.0057369615  -0.014404296875 
    0.0057596372  -0.014434814453 
    0.0057823129  -0.015075683594 
    0.0058049887  -0.016357421875 
    0.0058276644  -0.017761230469 
    0.0058503401      -0.01953125 
    0.0058730159  -0.021057128906 
    0.0058956916  -0.022644042969 
    0.0059183673  -0.023406982422 
    0.0059410431  -0.023712158203 
    0.0059637188  -0.023651123047 
    0.0059863946  -0.021911621094 
    0.0060090703  -0.019836425781 
     0.006031746  -0.017395019531 
    0.0060544218  -0.014953613281 
    0.0060770975  -0.012329101562 
    0.0060997732  -0.010040283203 
     0.006122449  -0.0082702636719 
    0.0061451247  -0.0075073242188 
    0.0061678005  -0.0069580078125 
    0.0061904762  -0.0069274902344 
    0.0062131519  -0.0072326660156 
    0.0062358277  -0.0072021484375 
