; Sample Rate 44100
; Channels 1
               0  -0.011871337891 
   2.2675737e-05  -0.0028381347656 
   4.5351474e-05  0.0073852539062 
   6.8027211e-05   0.018585205078 
   9.0702948e-05   0.030883789062 
   0.00011337868   0.044036865234 
   0.00013605442   0.057495117188 
   0.00015873016   0.070922851562 
    0.0001814059   0.083221435547 
   0.00020408163   0.093902587891 
   0.00022675737    0.10238647461 
   0.00024943311    0.10778808594 
   0.00027210884    0.11083984375 
   0.00029478458    0.11099243164 
   0.00031746032     0.1081237793 
   0.00034013605    0.10263061523 
   0.00036281179   0.094970703125 
   0.00038548753   0.084838867188 
   0.00040816327   0.073181152344 
     0.000430839   0.060577392578 
   0.00045351474   0.047241210938 
   0.00047619048   0.033782958984 
   0.00049886621   0.020690917969 
   0.00052154195  0.0085754394531 
   0.00054421769  -0.0018615722656 
   0.00056689342  -0.011260986328 
   0.00058956916  -0.019439697266 
    0.0006122449  -0.026458740234 
   0.00063492063  -0.031890869141 
   0.00065759637  -0.036224365234 
   0.00068027211  -0.039611816406 
   0.00070294785  -0.042724609375 
   0.00072562358  -0.045562744141 
   0.00074829932  -0.048675537109 
   0.00077097506  -0.051605224609 
   0.00079365079  -0.054412841797 
   0.00081632653  -0.056549072266 
   0.00083900227  -0.057434082031 
     0.000861678  -0.055816650391 
   0.00088435374  -0.051452636719 
   0.00090702948  -0.044372558594 
   0.00092970522  -0.033905029297 
   0.00095238095      -0.01953125 
   0.00097505669  -0.0015258789062 
   0.00099773243      0.021484375 
    0.0010204082   0.048614501953 
    0.0010430839   0.079925537109 
    0.0010657596    0.11422729492 
    0.0010884354    0.15075683594 
    0.0011111111    0.18832397461 
    0.0011337868    0.22473144531 
    0.0011564626    0.25708007812 
    0.0011791383    0.28219604492 
    0.0012018141    0.29736328125 
    0.0012244898     0.3010559082 
    0.0012471655    0.29333496094 
    0.0012698413    0.27401733398 
     0.001292517    0.24523925781 
    0.0013151927    0.20907592773 
    0.0013378685    0.16793823242 
    0.0013605442    0.12435913086 
      0.00138322   0.080841064453 
    0.0014058957     0.0400390625 
    0.0014285714   0.003662109375 
    0.0014512472  -0.026977539062 
    0.0014739229  -0.050201416016 
    0.0014965986  -0.066528320312 
    0.0015192744  -0.075531005859 
    0.0015419501  -0.076568603516 
    0.0015646259  -0.070037841797 
    0.0015873016  -0.057006835938 
    0.0016099773  -0.037902832031 
    0.0016326531  -0.013885498047 
    0.0016553288   0.013824462891 
    0.0016780045   0.043731689453 
    0.0017006803   0.074005126953 
     0.001723356    0.10348510742 
    0.0017460317    0.13095092773 
    0.0017687075    0.15606689453 
    0.0017913832    0.17797851562 
     0.001814059    0.19641113281 
    0.0018367347    0.21081542969 
    0.0018594104    0.22058105469 
    0.0018820862    0.22509765625 
    0.0019047619    0.22341918945 
    0.0019274376    0.21481323242 
    0.0019501134    0.19815063477 
    0.0019727891    0.17346191406 
    0.0019954649    0.14050292969 
    0.0020181406    0.10046386719 
    0.0020408163   0.055297851562 
    0.0020634921  0.0077209472656 
    0.0020861678  -0.039001464844 
    0.0021088435  -0.082214355469 
    0.0021315193   -0.11965942383 
     0.002154195   -0.14971923828 
    0.0021768707   -0.17141723633 
    0.0021995465   -0.18515014648 
    0.0022222222   -0.19296264648 
     0.002244898   -0.19555664062 
    0.0022675737   -0.19216918945 
    0.0022902494   -0.18475341797 
    0.0023129252   -0.17556762695 
    0.0023356009   -0.16571044922 
    0.0023582766   -0.15396118164 
    0.0023809524   -0.14147949219 
    0.0024036281   -0.12835693359 
    0.0024263039   -0.11614990234 
    0.0024489796   -0.10620117188 
    0.0024716553  -0.097351074219 
    0.0024943311  -0.088958740234 
    0.0025170068  -0.082824707031 
    0.0025396825  -0.077087402344 
    0.0025623583  -0.072174072266 
     0.002585034  -0.068786621094 
    0.0026077098  -0.065399169922 
    0.0026303855  -0.061126708984 
    0.0026530612  -0.056854248047 
     0.002675737  -0.052398681641 
    0.0026984127  -0.047515869141 
    0.0027210884  -0.042907714844 
    0.0027437642  -0.039367675781 
    0.0027664399  -0.036926269531 
    0.0027891156  -0.035858154297 
    0.0028117914   -0.03564453125 
    0.0028344671  -0.036163330078 
    0.0028571429  -0.036346435547 
    0.0028798186  -0.036743164062 
    0.0029024943  -0.036193847656 
    0.0029251701      -0.03515625 
    0.0029478458  -0.032836914062 
    0.0029705215  -0.029663085938 
    0.0029931973  -0.025909423828 
     0.003015873     -0.021484375 
    0.0030385488  -0.016448974609 
    0.0030612245  -0.011962890625 
    0.0030839002  -0.0075073242188 
     0.003106576  -0.0039978027344 
    0.0031292517  -0.0014343261719 
    0.0031519274  -0.000244140625 
    0.0031746032  -0.0001220703125 
    0.0031972789  -0.00088500976562 
    0.0032199546  -0.0021057128906 
    0.0032426304  -0.0035400390625 
    0.0032653061  -0.0057067871094 
    0.0032879819  -0.007080078125 
    0.0033106576  -0.0072631835938 
    0.0033333333  -0.0063171386719 
    0.0033560091  -0.0039978027344 
    0.0033786848  -0.000732421875 
    0.0034013605  0.0035400390625 
    0.0034240363  0.0090026855469 
     0.003446712   0.015380859375 
    0.0034693878   0.021728515625 
    0.0034920635   0.026641845703 
    0.0035147392   0.030548095703 
     0.003537415   0.033477783203 
    0.0035600907   0.034729003906 
    0.0035827664   0.034240722656 
    0.0036054422   0.031677246094 
    0.0036281179   0.027008056641 
    0.0036507937   0.020050048828 
    0.0036734694   0.011260986328 
    0.0036961451  0.00082397460938 
    0.0037188209  -0.010559082031 
    0.0037414966  -0.020935058594 
    0.0037641723  -0.029632568359 
    0.0037868481  -0.035858154297 
    0.0038095238  -0.040496826172 
    0.0038321995  -0.043914794922 
    0.0038548753  -0.046081542969 
     0.003877551  -0.047790527344 
    0.0039002268  -0.049377441406 
    0.0039229025  -0.050384521484 
    0.0039455782  -0.051086425781 
     0.003968254  -0.051452636719 
    0.0039909297    -0.0517578125 
    0.0040136054  -0.052124023438 
    0.0040362812  -0.053436279297 
    0.0040589569  -0.055725097656 
    0.0040816327  -0.058898925781 
    0.0041043084  -0.063232421875 
    0.0041269841  -0.068756103516 
    0.0041496599  -0.075714111328 
    0.0041723356  -0.083953857422 
    0.0041950113  -0.093078613281 
    0.0042176871   -0.10238647461 
    0.0042403628   -0.11108398438 
    0.0042630385   -0.11798095703 
    0.0042857143   -0.12194824219 
      0.00430839   -0.12197875977 
    0.0043310658   -0.11779785156 
    0.0043537415   -0.10992431641 
    0.0043764172  -0.099578857422 
     0.004399093  -0.087951660156 
    0.0044217687  -0.076385498047 
    0.0044444444  -0.064849853516 
    0.0044671202  -0.053619384766 
    0.0044897959  -0.043304443359 
    0.0045124717  -0.033843994141 
    0.0045351474  -0.025787353516 
    0.0045578231  -0.019866943359 
    0.0045804989  -0.016357421875 
    0.0046031746  -0.014099121094 
    0.0046258503  -0.013092041016 
    0.0046485261  -0.013488769531 
    0.0046712018  -0.013946533203 
    0.0046938776  -0.014404296875 
    0.0047165533  -0.014221191406 
     0.004739229  -0.012969970703 
    0.0047619048  -0.010589599609 
    0.0047845805  -0.0077514648438 
    0.0048072562  -0.0041198730469 
     0.004829932  -0.00057983398438 
    0.0048526077  0.0028991699219 
    0.0048752834  0.0058288574219 
    0.0048979592  0.0086669921875 
    0.0049206349   0.010772705078 
    0.0049433107   0.012908935547 
    0.0049659864   0.014526367188 
    0.0049886621    0.01611328125 
    0.0050113379    0.01708984375 
    0.0050340136   0.017547607422 
    0.0050566893   0.018463134766 
    0.0050793651   0.019989013672 
    0.0051020408   0.022094726562 
    0.0051247166   0.025085449219 
    0.0051473923   0.028289794922 
     0.005170068    0.03173828125 
    0.0051927438   0.034912109375 
    0.0052154195   0.038299560547 
    0.0052380952   0.040863037109 
     0.005260771   0.042144775391 
    0.0052834467   0.042266845703 
    0.0053061224   0.040740966797 
    0.0053287982   0.037445068359 
    0.0053514739   0.032653808594 
    0.0053741497   0.026123046875 
    0.0053968254   0.018768310547 
    0.0054195011   0.010833740234 
    0.0054421769  0.0025024414062 
    0.0054648526  -0.0059509277344 
    0.0054875283  -0.013275146484 
    0.0055102041  -0.019897460938 
    0.0055328798  -0.025146484375 
    0.0055555556  -0.028961181641 
    0.0055782313  -0.031524658203 
     0.005600907  -0.032501220703 
    0.0056235828  -0.031707763672 
    0.0056462585  -0.029449462891 
    0.0056689342  -0.025909423828 
      0.00569161  -0.021759033203 
    0.0057142857  -0.017730712891 
    0.0057369615  -0.014007568359 
    0.0057596372  -0.011169433594 
    0.0057823129  -0.0096435546875 
    0.0058049887  -0.0089111328125 
    0.0058276644  -0.0083923339844 
    0.0058503401  -0.0084533691406 
    0.0058730159  -0.0092163085938 
    0.0058956916  -0.010955810547 
    0.0059183673  -0.013854980469 
    0.0059410431  -0.017913818359 
    0.0059637188  -0.022216796875 
    0.0059863946  -0.025756835938 
    0.0060090703  -0.028015136719 
     0.006031746  -0.028991699219 
    0.0060544218  -0.027709960938 
    0.0060770975  -0.024597167969 
    0.0060997732  -0.019714355469 
