; Sample Rate 44100
; Channels 1
               0  -0.012329101562 
   2.2675737e-05  0.0070495605469 
   4.5351474e-05     0.0263671875 
   6.8027211e-05   0.044403076172 
   9.0702948e-05      0.060546875 
   0.00011337868   0.073638916016 
   0.00013605442   0.083770751953 
   0.00015873016   0.091156005859 
    0.0001814059   0.096313476562 
   0.00020408163   0.099273681641 
   0.00022675737    0.10073852539 
   0.00024943311    0.10043334961 
   0.00027210884   0.097930908203 
   0.00029478458   0.093353271484 
   0.00031746032   0.087646484375 
   0.00034013605   0.081176757812 
   0.00036281179   0.074157714844 
   0.00038548753   0.067535400391 
   0.00040816327   0.060852050781 
     0.000430839   0.053466796875 
   0.00045351474   0.045349121094 
   0.00047619048   0.036285400391 
   0.00049886621   0.027008056641 
   0.00052154195   0.017883300781 
   0.00054421769  0.0084533691406 
   0.00056689342  -0.0020141601562 
   0.00058956916  -0.013061523438 
    0.0006122449  -0.024688720703 
   0.00063492063  -0.037261962891 
   0.00065759637  -0.049499511719 
   0.00068027211   -0.06103515625 
   0.00070294785  -0.071105957031 
   0.00072562358  -0.079071044922 
   0.00074829932  -0.085083007812 
   0.00077097506  -0.088653564453 
   0.00079365079  -0.089141845703 
   0.00081632653  -0.086273193359 
   0.00083900227  -0.079162597656 
     0.000861678  -0.067810058594 
   0.00088435374  -0.052001953125 
   0.00090702948  -0.032104492188 
   0.00092970522  -0.0088195800781 
   0.00095238095   0.017944335938 
   0.00097505669    0.04736328125 
   0.00099773243   0.079742431641 
    0.0010204082    0.11444091797 
    0.0010430839    0.15127563477 
    0.0010657596    0.19030761719 
    0.0010884354    0.23010253906 
    0.0011111111    0.26754760742 
    0.0011337868     0.2991027832 
    0.0011564626    0.32061767578 
    0.0011791383    0.32852172852 
    0.0012018141    0.32067871094 
    0.0012244898    0.29797363281 
    0.0012471655    0.26184082031 
    0.0012698413    0.21597290039 
     0.001292517    0.16345214844 
    0.0013151927    0.10800170898 
    0.0013378685   0.053192138672 
    0.0013605442    0.00146484375 
      0.00138322  -0.044403076172 
    0.0014058957  -0.082122802734 
    0.0014285714   -0.11004638672 
    0.0014512472   -0.12777709961 
    0.0014739229   -0.13470458984 
    0.0014965986   -0.13095092773 
    0.0015192744   -0.11853027344 
    0.0015419501  -0.099029541016 
    0.0015646259  -0.074645996094 
    0.0015873016  -0.047058105469 
    0.0016099773  -0.017486572266 
    0.0016326531   0.013214111328 
    0.0016553288   0.045074462891 
    0.0016780045   0.076934814453 
    0.0017006803    0.10781860352 
     0.001723356    0.13720703125 
    0.0017460317    0.16452026367 
    0.0017687075    0.18908691406 
    0.0017913832    0.21078491211 
     0.001814059    0.22918701172 
    0.0018367347    0.24435424805 
    0.0018594104    0.25595092773 
    0.0018820862    0.26354980469 
    0.0019047619    0.26538085938 
    0.0019274376    0.25952148438 
    0.0019501134    0.24438476562 
    0.0019727891    0.21887207031 
    0.0019954649    0.18286132812 
    0.0020181406    0.13714599609 
    0.0020408163   0.084045410156 
    0.0020634921   0.027130126953 
    0.0020861678  -0.029968261719 
    0.0021088435  -0.083557128906 
    0.0021315193   -0.13027954102 
     0.002154195   -0.16793823242 
    0.0021768707   -0.19586181641 
    0.0021995465    -0.2138671875 
    0.0022222222      -0.22265625 
     0.002244898   -0.22341918945 
    0.0022675737   -0.21743774414 
    0.0022902494   -0.20645141602 
    0.0023129252   -0.19174194336 
    0.0023356009   -0.17419433594 
    0.0023582766   -0.15493774414 
    0.0023809524   -0.13528442383 
    0.0024036281   -0.11587524414 
    0.0024263039  -0.098388671875 
    0.0024489796  -0.083404541016 
    0.0024716553  -0.070953369141 
    0.0024943311  -0.061004638672 
    0.0025170068  -0.053558349609 
    0.0025396825  -0.048217773438 
    0.0025623583  -0.044342041016 
     0.002585034  -0.040924072266 
    0.0026077098  -0.037139892578 
    0.0026303855  -0.032196044922 
    0.0026530612  -0.026458740234 
     0.002675737  -0.019653320312 
    0.0026984127  -0.013214111328 
    0.0027210884  -0.0078735351562 
    0.0027437642  -0.0043640136719 
    0.0027664399  -0.0030212402344 
    0.0027891156  -0.0041198730469 
    0.0028117914    -0.0068359375 
    0.0028344671  -0.011138916016 
    0.0028571429  -0.015991210938 
    0.0028798186  -0.020965576172 
    0.0029024943  -0.025604248047 
    0.0029251701  -0.028686523438 
    0.0029478458  -0.030303955078 
    0.0029705215  -0.029754638672 
    0.0029931973  -0.027709960938 
     0.003015873  -0.024597167969 
    0.0030385488  -0.020599365234 
    0.0030612245  -0.017425537109 
    0.0030839002  -0.014770507812 
     0.003106576  -0.013214111328 
    0.0031292517    -0.0126953125 
    0.0031519274  -0.013397216797 
    0.0031746032  -0.015777587891 
    0.0031972789  -0.019073486328 
    0.0032199546  -0.023071289062 
    0.0032426304  -0.026580810547 
    0.0032653061  -0.029113769531 
    0.0032879819     -0.029296875 
    0.0033106576  -0.026885986328 
    0.0033333333  -0.022003173828 
    0.0033560091  -0.014739990234 
    0.0033786848  -0.0059204101562 
    0.0034013605  0.0028686523438 
    0.0034240363   0.011474609375 
     0.003446712   0.018859863281 
    0.0034693878   0.025115966797 
    0.0034920635   0.029144287109 
    0.0035147392   0.031402587891 
     0.003537415   0.031829833984 
    0.0035600907   0.030975341797 
    0.0035827664   0.028778076172 
    0.0036054422   0.025787353516 
    0.0036281179   0.021881103516 
    0.0036507937   0.016540527344 
    0.0036734694  0.0093688964844 
    0.0036961451  0.0001220703125 
    0.0037188209  -0.011291503906 
    0.0037414966  -0.024322509766 
    0.0037641723  -0.037536621094 
    0.0037868481  -0.048645019531 
    0.0038095238  -0.056945800781 
    0.0038321995  -0.061187744141 
    0.0038548753  -0.061950683594 
     0.003877551  -0.060241699219 
    0.0039002268  -0.057220458984 
    0.0039229025  -0.053527832031 
    0.0039455782  -0.048797607422 
     0.003968254  -0.043060302734 
    0.0039909297  -0.036254882812 
    0.0040136054  -0.028747558594 
    0.0040362812  -0.021270751953 
    0.0040589569  -0.015228271484 
    0.0040816327   -0.01123046875 
    0.0041043084  -0.0097961425781 
    0.0041269841  -0.011291503906 
    0.0041496599  -0.016082763672 
    0.0041723356  -0.024047851562 
    0.0041950113  -0.035125732422 
    0.0042176871  -0.049041748047 
    0.0042403628  -0.064544677734 
    0.0042630385  -0.080352783203 
    0.0042857143  -0.093780517578 
      0.00430839   -0.10382080078 
    0.0043310658   -0.11001586914 
    0.0043537415   -0.11294555664 
    0.0043764172   -0.11303710938 
     0.004399093   -0.11099243164 
    0.0044217687   -0.10781860352 
    0.0044444444   -0.10330200195 
    0.0044671202  -0.097137451172 
    0.0044897959  -0.088836669922 
    0.0045124717  -0.078552246094 
    0.0045351474  -0.066558837891 
    0.0045578231  -0.053558349609 
    0.0045804989  -0.041076660156 
    0.0046031746  -0.029693603516 
    0.0046258503  -0.020721435547 
    0.0046485261  -0.013519287109 
    0.0046712018  -0.0072326660156 
    0.0046938776  -0.0010375976562 
    0.0047165533  0.0051574707031 
     0.004739229   0.011383056641 
    0.0047619048   0.016296386719 
    0.0047845805   0.019317626953 
    0.0048072562   0.019989013672 
     0.004829932   0.018310546875 
    0.0048526077   0.015258789062 
    0.0048752834   0.010772705078 
    0.0048979592  0.0059814453125 
    0.0049206349  0.0010070800781 
    0.0049433107   -0.00439453125 
    0.0049659864     -0.009765625 
    0.0049886621  -0.014709472656 
    0.0050113379  -0.018890380859 
    0.0050340136    -0.0224609375 
    0.0050566893  -0.024383544922 
    0.0050793651  -0.024993896484 
    0.0051020408  -0.024291992188 
    0.0051247166  -0.022247314453 
    0.0051473923  -0.018859863281 
     0.005170068  -0.014465332031 
    0.0051927438    -0.0087890625 
    0.0052154195  -0.0018005371094 
    0.0052380952  0.0076293945312 
     0.005260771   0.018157958984 
    0.0052834467   0.029479980469 
    0.0053061224   0.041229248047 
    0.0053287982   0.052276611328 
    0.0053514739   0.061889648438 
    0.0053741497   0.068115234375 
    0.0053968254   0.070556640625 
    0.0054195011   0.069580078125 
    0.0054421769   0.065277099609 
    0.0054648526   0.058776855469 
    0.0054875283   0.050170898438 
    0.0055102041   0.039489746094 
    0.0055328798   0.027008056641 
    0.0055555556   0.013885498047 
    0.0055782313  0.00088500976562 
     0.005600907  -0.010498046875 
    0.0056235828  -0.019592285156 
    0.0056462585  -0.025909423828 
    0.0056689342  -0.030151367188 
      0.00569161  -0.033172607422 
    0.0057142857  -0.035339355469 
    0.0057369615  -0.037445068359 
    0.0057596372  -0.039886474609 
    0.0057823129  -0.043670654297 
    0.0058049887     -0.048828125 
    0.0058276644  -0.054595947266 
    0.0058503401  -0.060485839844 
    0.0058730159  -0.066070556641 
    0.0058956916  -0.070373535156 
    0.0059183673  -0.073211669922 
    0.0059410431  -0.074798583984 
    0.0059637188  -0.074584960938 
    0.0059863946  -0.072204589844 
    0.0060090703  -0.066497802734 
     0.006031746  -0.056488037109 
    0.0060544218  -0.042663574219 
    0.0060770975  -0.026031494141 
