; Sample Rate 44100
; Channels 1
               0  -0.0063781738281 
   2.2675737e-05  -0.0040893554688 
   4.5351474e-05  0.00021362304688 
   6.8027211e-05  0.0068664550781 
   9.0702948e-05   0.015441894531 
   0.00011337868   0.025329589844 
   0.00013605442   0.036010742188 
   0.00015873016   0.047668457031 
    0.0001814059   0.059478759766 
   0.00020408163   0.070983886719 
   0.00022675737   0.081237792969 
   0.00024943311   0.089538574219 
   0.00027210884   0.095947265625 
   0.00029478458    0.10076904297 
   0.00031746032    0.10400390625 
   0.00034013605    0.10537719727 
   0.00036281179    0.10482788086 
   0.00038548753    0.10186767578 
   0.00040816327   0.096740722656 
     0.000430839   0.090393066406 
   0.00045351474   0.081787109375 
   0.00047619048   0.071319580078 
   0.00049886621    0.06005859375 
   0.00052154195   0.048095703125 
   0.00054421769   0.035827636719 
   0.00056689342   0.023498535156 
   0.00058956916   0.011901855469 
    0.0006122449   0.000732421875 
   0.00063492063  -0.0093078613281 
   0.00065759637  -0.018249511719 
   0.00068027211  -0.025970458984 
   0.00070294785     -0.033203125 
   0.00072562358  -0.040191650391 
   0.00074829932  -0.047241210938 
   0.00077097506  -0.054412841797 
   0.00079365079  -0.061920166016 
   0.00081632653  -0.068542480469 
   0.00083900227  -0.073760986328 
     0.000861678  -0.078735351562 
   0.00088435374  -0.082336425781 
   0.00090702948  -0.084136962891 
   0.00092970522  -0.083953857422 
   0.00095238095  -0.081481933594 
   0.00097505669  -0.075622558594 
   0.00099773243      -0.06640625 
    0.0010204082  -0.053314208984 
    0.0010430839  -0.036773681641 
    0.0010657596  -0.016357421875 
    0.0010884354  0.0069580078125 
    0.0011111111    0.03271484375 
    0.0011337868   0.061126708984 
    0.0011564626   0.091552734375 
    0.0011791383    0.12298583984 
    0.0012018141    0.15447998047 
    0.0012244898    0.18533325195 
    0.0012471655    0.21429443359 
    0.0012698413    0.23941040039 
     0.001292517    0.25881958008 
    0.0013151927    0.27026367188 
    0.0013378685    0.27301025391 
    0.0013605442    0.26577758789 
      0.00138322    0.24926757812 
    0.0014058957    0.22506713867 
    0.0014285714    0.19427490234 
    0.0014512472    0.15921020508 
    0.0014739229    0.12130737305 
    0.0014965986   0.083435058594 
    0.0015192744   0.047576904297 
    0.0015419501   0.015838623047 
    0.0015646259   -0.01025390625 
    0.0015873016  -0.030120849609 
    0.0016099773  -0.042633056641 
    0.0016326531  -0.047790527344 
    0.0016553288  -0.045593261719 
    0.0016780045   -0.03662109375 
    0.0017006803  -0.022125244141 
     0.001723356  -0.0025024414062 
    0.0017460317   0.020446777344 
    0.0017687075   0.045776367188 
    0.0017913832   0.071838378906 
     0.001814059   0.098022460938 
    0.0018367347    0.12280273438 
    0.0018594104    0.14514160156 
    0.0018820862    0.16390991211 
    0.0019047619     0.1789855957 
    0.0019274376    0.18966674805 
    0.0019501134    0.19522094727 
    0.0019727891    0.19610595703 
    0.0019954649    0.19198608398 
    0.0020181406    0.18246459961 
    0.0020408163    0.16717529297 
    0.0020634921    0.14630126953 
    0.0020861678    0.11987304688 
    0.0021088435   0.088348388672 
    0.0021315193    0.05322265625 
     0.002154195   0.016662597656 
    0.0021768707  -0.019012451172 
    0.0021995465  -0.052154541016 
    0.0022222222  -0.080780029297 
     0.002244898   -0.10382080078 
    0.0022675737   -0.12069702148 
    0.0022902494   -0.13052368164 
    0.0023129252   -0.13510131836 
    0.0023356009   -0.13589477539 
    0.0023582766   -0.13223266602 
    0.0023809524   -0.12634277344 
    0.0024036281   -0.11856079102 
    0.0024263039   -0.11053466797 
    0.0024489796   -0.10284423828 
    0.0024716553  -0.095611572266 
    0.0024943311  -0.088928222656 
    0.0025170068  -0.084838867188 
    0.0025396825  -0.083679199219 
    0.0025623583  -0.082183837891 
     0.002585034  -0.081237792969 
    0.0026077098  -0.083801269531 
    0.0026303855  -0.088653564453 
    0.0026530612  -0.092834472656 
     0.002675737  -0.096832275391 
    0.0026984127   -0.10165405273 
    0.0027210884   -0.10354614258 
    0.0027437642    -0.1025390625 
    0.0027664399   -0.10067749023 
    0.0027891156    -0.0966796875 
    0.0028117914  -0.090362548828 
    0.0028344671  -0.083526611328 
    0.0028571429  -0.076751708984 
    0.0028798186  -0.070220947266 
    0.0029024943  -0.064514160156 
    0.0029251701  -0.059875488281 
    0.0029478458  -0.056457519531 
    0.0029705215  -0.053619384766 
    0.0029931973  -0.051361083984 
     0.003015873     -0.048828125 
    0.0030385488  -0.045867919922 
    0.0030612245  -0.042541503906 
    0.0030839002  -0.038513183594 
     0.003106576  -0.033508300781 
    0.0031292517  -0.028503417969 
    0.0031519274  -0.023712158203 
    0.0031746032  -0.019470214844 
    0.0031972789        -0.015625 
    0.0032199546  -0.012237548828 
    0.0032426304  -0.0086364746094 
    0.0032653061  -0.0047912597656 
    0.0032879819  -0.0014953613281 
    0.0033106576  0.0012817382812 
    0.0033333333   0.003173828125 
    0.0033560091  0.0047607421875 
    0.0033786848  0.0065002441406 
    0.0034013605  0.0094299316406 
    0.0034240363   0.013244628906 
     0.003446712   0.018157958984 
    0.0034693878   0.023345947266 
    0.0034920635   0.028106689453 
    0.0035147392   0.031982421875 
     0.003537415   0.034881591797 
    0.0035600907   0.036712646484 
    0.0035827664   0.037719726562 
    0.0036054422   0.037506103516 
    0.0036281179   0.036102294922 
    0.0036507937   0.033050537109 
    0.0036734694   0.028350830078 
    0.0036961451   0.022613525391 
    0.0037188209   0.015960693359 
    0.0037414966  0.0096130371094 
    0.0037641723  0.0032958984375 
    0.0037868481  -0.0028381347656 
    0.0038095238  -0.0076293945312 
    0.0038321995  -0.011169433594 
    0.0038548753   -0.01318359375 
     0.003877551  -0.013885498047 
    0.0039002268  -0.014068603516 
    0.0039229025  -0.013854980469 
    0.0039455782  -0.014190673828 
     0.003968254  -0.015411376953 
    0.0039909297  -0.016906738281 
    0.0040136054  -0.019287109375 
    0.0040362812  -0.022338867188 
    0.0040589569  -0.026306152344 
    0.0040816327  -0.031158447266 
    0.0041043084     -0.037109375 
    0.0041269841  -0.044342041016 
    0.0041496599  -0.051910400391 
    0.0041723356  -0.060272216797 
    0.0041950113  -0.069152832031 
    0.0042176871  -0.078155517578 
    0.0042403628  -0.087219238281 
    0.0042630385   -0.09619140625 
    0.0042857143   -0.10443115234 
      0.00430839   -0.11126708984 
    0.0043310658   -0.11645507812 
    0.0043537415   -0.11975097656 
    0.0043764172   -0.12045288086 
     0.004399093    -0.1184387207 
    0.0044217687      -0.11328125 
    0.0044444444   -0.10571289062 
    0.0044671202  -0.096313476562 
    0.0044897959  -0.086090087891 
    0.0045124717  -0.075958251953 
    0.0045351474  -0.066741943359 
    0.0045578231  -0.058532714844 
    0.0045804989  -0.051605224609 
    0.0046031746  -0.045623779297 
    0.0046258503  -0.040954589844 
    0.0046485261  -0.036926269531 
    0.0046712018  -0.033233642578 
    0.0046938776  -0.029632568359 
    0.0047165533  -0.026062011719 
     0.004739229    -0.0224609375 
    0.0047619048  -0.018829345703 
    0.0047845805  -0.015319824219 
    0.0048072562  -0.012084960938 
     0.004829932  -0.009033203125 
    0.0048526077  -0.0062866210938 
    0.0048752834  -0.0037231445312 
    0.0048979592  -0.00082397460938 
    0.0049206349  0.0019836425781 
    0.0049433107   0.004638671875 
    0.0049659864  0.0070190429688 
    0.0049886621    0.00927734375 
    0.0050113379   0.011291503906 
    0.0050340136   0.014434814453 
    0.0050566893   0.017883300781 
    0.0050793651      0.021484375 
    0.0051020408   0.025024414062 
    0.0051247166   0.028472900391 
    0.0051473923    0.03173828125 
     0.005170068   0.035064697266 
    0.0051927438   0.038330078125 
    0.0052154195   0.041259765625 
    0.0052380952   0.043518066406 
     0.005260771      0.044921875 
    0.0052834467   0.044982910156 
    0.0053061224     0.0439453125 
    0.0053287982    0.04150390625 
    0.0053514739   0.037994384766 
    0.0053741497    0.03271484375 
    0.0053968254   0.026123046875 
    0.0054195011   0.018432617188 
    0.0054421769  0.0096435546875 
    0.0054648526  0.00067138671875 
    0.0054875283  -0.0073547363281 
    0.0055102041  -0.013641357422 
    0.0055328798    -0.0185546875 
    0.0055555556  -0.021240234375 
    0.0055782313  -0.022521972656 
     0.005600907    -0.0224609375 
    0.0056235828  -0.021087646484 
    0.0056462585  -0.018676757812 
    0.0056689342  -0.015899658203 
      0.00569161  -0.013366699219 
    0.0057142857  -0.011108398438 
    0.0057369615  -0.0093688964844 
    0.0057596372  -0.0089721679688 
    0.0057823129  -0.0093383789062 
    0.0058049887  -0.010162353516 
    0.0058276644  -0.011169433594 
    0.0058503401  -0.011596679688 
    0.0058730159  -0.012023925781 
    0.0058956916  -0.012145996094 
    0.0059183673  -0.012481689453 
    0.0059410431  -0.012847900391 
    0.0059637188  -0.013732910156 
    0.0059863946  -0.014923095703 
    0.0060090703  -0.017028808594 
     0.006031746  -0.019104003906 
    0.0060544218  -0.020782470703 
    0.0060770975  -0.021545410156 
    0.0060997732  -0.021606445312 
     0.006122449  -0.020629882812 
    0.0061451247  -0.018493652344 
    0.0061678005  -0.015411376953 
    0.0061904762  -0.011260986328 
