; Sample Rate 44100
; Channels 1
               0  -0.0028076171875 
   2.2675737e-05   0.016326904297 
   4.5351474e-05   0.035125732422 
   6.8027211e-05   0.052490234375 
   9.0702948e-05   0.067199707031 
   0.00011337868   0.078735351562 
   0.00013605442   0.087615966797 
   0.00015873016   0.094116210938 
    0.0001814059   0.098449707031 
   0.00020408163    0.10119628906 
   0.00022675737    0.10180664062 
   0.00024943311    0.10025024414 
   0.00027210884   0.096893310547 
   0.00029478458   0.091857910156 
   0.00031746032   0.086456298828 
   0.00034013605   0.080841064453 
   0.00036281179   0.075561523438 
   0.00038548753   0.070190429688 
   0.00040816327   0.064208984375 
     0.000430839   0.057403564453 
   0.00045351474   0.049865722656 
   0.00047619048   0.042114257812 
   0.00049886621   0.033660888672 
   0.00052154195   0.024536132812 
   0.00054421769   0.014099121094 
   0.00056689342  0.0022277832031 
   0.00058956916  -0.011016845703 
    0.0006122449  -0.025299072266 
   0.00063492063  -0.040100097656 
   0.00065759637  -0.054168701172 
   0.00068027211  -0.066711425781 
   0.00070294785  -0.077026367188 
   0.00072562358  -0.084747314453 
   0.00074829932  -0.090423583984 
   0.00077097506  -0.093475341797 
   0.00079365079  -0.093719482422 
   0.00081632653  -0.090362548828 
   0.00083900227  -0.083312988281 
     0.000861678  -0.072631835938 
   0.00088435374  -0.058624267578 
   0.00090702948  -0.041625976562 
   0.00092970522  -0.022033691406 
   0.00095238095  -0.0001220703125 
   0.00097505669   0.024780273438 
   0.00099773243   0.052307128906 
    0.0010204082   0.083526611328 
    0.0010430839    0.11828613281 
    0.0010657596    0.15689086914 
    0.0010884354     0.1982421875 
    0.0011111111    0.24002075195 
    0.0011337868    0.27835083008 
    0.0011564626    0.30892944336 
    0.0011791383    0.32763671875 
    0.0012018141    0.33090209961 
    0.0012244898    0.31842041016 
    0.0012471655    0.29052734375 
    0.0012698413    0.25009155273 
     0.001292517     0.2004699707 
    0.0013151927    0.14538574219 
    0.0013378685   0.088836669922 
    0.0013605442   0.033874511719 
      0.00138322  -0.016143798828 
    0.0014058957  -0.058746337891 
    0.0014285714  -0.091461181641 
    0.0014512472   -0.11312866211 
    0.0014739229   -0.12387084961 
    0.0014965986   -0.12399291992 
    0.0015192744   -0.11511230469 
    0.0015419501  -0.099273681641 
    0.0015646259  -0.078735351562 
    0.0015873016  -0.054870605469 
    0.0016099773  -0.028015136719 
    0.0016326531   0.000732421875 
    0.0016553288   0.031036376953 
    0.0016780045   0.061920166016 
    0.0017006803   0.092468261719 
     0.001723356    0.12139892578 
    0.0017460317    0.14825439453 
    0.0017687075    0.17294311523 
    0.0017913832    0.19485473633 
     0.001814059    0.21408081055 
    0.0018367347    0.23034667969 
    0.0018594104    0.24368286133 
    0.0018820862    0.25366210938 
    0.0019047619     0.2587890625 
    0.0019274376    0.25717163086 
    0.0019501134    0.24645996094 
    0.0019727891    0.22528076172 
    0.0019954649    0.19299316406 
    0.0020181406    0.15075683594 
    0.0020408163    0.10040283203 
    0.0020634921   0.045532226562 
    0.0020861678  -0.010375976562 
    0.0021088435  -0.063751220703 
    0.0021315193   -0.11126708984 
     0.002154195   -0.15051269531 
    0.0021768707   -0.18045043945 
    0.0021995465   -0.20074462891 
    0.0022222222   -0.21136474609 
     0.002244898   -0.21398925781 
    0.0022675737   -0.21005249023 
    0.0022902494   -0.20083618164 
    0.0023129252   -0.18774414062 
    0.0023356009   -0.17166137695 
    0.0023582766   -0.15371704102 
    0.0023809524   -0.13467407227 
    0.0024036281   -0.11572265625 
    0.0024263039  -0.098327636719 
    0.0024489796  -0.083709716797 
    0.0024716553     -0.072265625 
    0.0024943311  -0.064422607422 
    0.0025170068  -0.059356689453 
    0.0025396825  -0.056488037109 
    0.0025623583  -0.054656982422 
     0.002585034  -0.053009033203 
    0.0026077098  -0.050659179688 
    0.0026303855  -0.046569824219 
    0.0026530612  -0.041259765625 
     0.002675737  -0.034484863281 
    0.0026984127  -0.027618408203 
    0.0027210884  -0.020812988281 
    0.0027437642  -0.015411376953 
    0.0027664399  -0.011474609375 
    0.0027891156  -0.0097045898438 
    0.0028117914  -0.010406494141 
    0.0028344671  -0.012298583984 
    0.0028571429  -0.015441894531 
    0.0028798186  -0.018646240234 
    0.0029024943  -0.021179199219 
    0.0029251701  -0.023010253906 
    0.0029478458  -0.023162841797 
    0.0029705215  -0.022216796875 
    0.0029931973  -0.020751953125 
     0.003015873   -0.01904296875 
    0.0030385488  -0.017242431641 
    0.0030612245  -0.016082763672 
    0.0030839002   -0.01513671875 
     0.003106576  -0.014190673828 
    0.0031292517  -0.013946533203 
    0.0031519274  -0.014984130859 
    0.0031746032  -0.017272949219 
    0.0031972789    -0.0205078125 
    0.0032199546  -0.023651123047 
    0.0032426304  -0.026000976562 
    0.0032653061  -0.026885986328 
    0.0032879819  -0.025939941406 
    0.0033106576  -0.022430419922 
    0.0033333333  -0.016815185547 
    0.0033560091  -0.0089721679688 
    0.0033786848  3.0517578125e-05 
    0.0034013605  0.0088500976562 
    0.0034240363   0.016754150391 
     0.003446712   0.023315429688 
    0.0034693878   0.028167724609 
    0.0034920635   0.031036376953 
    0.0035147392   0.032165527344 
     0.003537415   0.031982421875 
    0.0035600907   0.030792236328 
    0.0035827664   0.028533935547 
    0.0036054422   0.025177001953 
    0.0036281179   0.020233154297 
    0.0036507937   0.014068603516 
    0.0036734694  0.0060729980469 
    0.0036961451  -0.0032958984375 
    0.0037188209  -0.013916015625 
    0.0037414966   -0.02587890625 
    0.0037641723  -0.037689208984 
    0.0037868481  -0.047576904297 
    0.0038095238  -0.053680419922 
    0.0038321995  -0.055633544922 
    0.0038548753  -0.053588867188 
     0.003877551  -0.049133300781 
    0.0039002268   -0.04345703125 
    0.0039229025   -0.03759765625 
    0.0039455782  -0.031341552734 
     0.003968254  -0.025024414062 
    0.0039909297  -0.018920898438 
    0.0040136054  -0.013488769531 
    0.0040362812  -0.0098876953125 
    0.0040589569  -0.0089416503906 
    0.0040816327  -0.010223388672 
    0.0041043084  -0.014373779297 
    0.0041269841  -0.020751953125 
    0.0041496599  -0.028717041016 
    0.0041723356  -0.039306640625 
    0.0041950113  -0.052185058594 
    0.0042176871  -0.067260742188 
    0.0042403628  -0.082733154297 
    0.0042630385  -0.097290039062 
    0.0042857143   -0.10879516602 
      0.00430839   -0.11642456055 
    0.0043310658   -0.12017822266 
    0.0043537415   -0.12005615234 
    0.0043764172   -0.11740112305 
     0.004399093   -0.11312866211 
    0.0044217687   -0.10723876953 
    0.0044444444   -0.10043334961 
    0.0044671202  -0.092163085938 
    0.0044897959  -0.082183837891 
    0.0045124717  -0.070434570312 
    0.0045351474  -0.057159423828 
    0.0045578231  -0.043640136719 
    0.0045804989         -0.03125 
    0.0046031746  -0.021301269531 
    0.0046258503  -0.013763427734 
    0.0046485261  -0.0083923339844 
    0.0046712018  -0.0041809082031 
    0.0046938776  0.00018310546875 
    0.0047165533  0.0045471191406 
     0.004739229  0.0089721679688 
    0.0047619048   0.012176513672 
    0.0047845805   0.013824462891 
    0.0048072562   0.013763427734 
     0.004829932   0.012298583984 
    0.0048526077  0.0093078613281 
    0.0048752834  0.0052490234375 
    0.0048979592  0.00076293945312 
    0.0049206349  -0.0037536621094 
    0.0049433107  -0.0083923339844 
    0.0049659864  -0.012664794922 
    0.0049886621  -0.016540527344 
    0.0050113379  -0.019592285156 
    0.0050340136  -0.022094726562 
    0.0050566893  -0.023193359375 
    0.0050793651  -0.023162841797 
    0.0051020408  -0.021789550781 
    0.0051247166  -0.019561767578 
    0.0051473923  -0.016204833984 
     0.005170068  -0.011627197266 
    0.0051927438  -0.0047302246094 
    0.0052154195       0.00390625 
    0.0052380952   0.014190673828 
     0.005260771   0.025848388672 
    0.0052834467   0.038269042969 
    0.0053061224   0.050506591797 
    0.0053287982   0.061553955078 
    0.0053514739   0.069763183594 
    0.0053741497   0.074005126953 
    0.0053968254   0.074523925781 
    0.0054195011   0.071960449219 
    0.0054421769   0.066619873047 
    0.0054648526   0.059112548828 
    0.0054875283   0.049255371094 
    0.0055102041   0.037475585938 
    0.0055328798   0.023681640625 
    0.0055555556  0.0093078613281 
    0.0055782313  -0.0046691894531 
     0.005600907  -0.016845703125 
    0.0056235828  -0.027008056641 
    0.0056462585  -0.034790039062 
    0.0056689342  -0.039611816406 
      0.00569161  -0.042175292969 
    0.0057142857  -0.043579101562 
    0.0057369615  -0.044891357422 
    0.0057596372  -0.046752929688 
    0.0057823129  -0.049835205078 
    0.0058049887  -0.053741455078 
    0.0058276644  -0.057647705078 
    0.0058503401  -0.061187744141 
    0.0058730159  -0.063720703125 
    0.0058956916  -0.065551757812 
    0.0059183673  -0.067077636719 
    0.0059410431  -0.068023681641 
    0.0059637188  -0.068389892578 
    0.0059863946  -0.066833496094 
    0.0060090703  -0.062042236328 
     0.006031746  -0.053131103516 
    0.0060544218  -0.040344238281 
    0.0060770975  -0.024139404297 
