; Sample Rate 44100
; Channels 1
               0  -0.0077514648438 
   2.2675737e-05                0 
   4.5351474e-05  0.0091247558594 
   6.8027211e-05   0.019439697266 
   9.0702948e-05   0.030242919922 
   0.00011337868   0.041961669922 
   0.00013605442     0.0537109375 
   0.00015873016   0.065093994141 
    0.0001814059   0.075317382812 
   0.00020408163   0.083648681641 
   0.00022675737   0.089996337891 
   0.00024943311   0.093719482422 
   0.00027210884   0.095184326172 
   0.00029478458   0.094299316406 
   0.00031746032   0.091156005859 
   0.00034013605   0.086120605469 
   0.00036281179   0.078643798828 
   0.00038548753   0.069305419922 
   0.00040816327   0.059051513672 
     0.000430839   0.048583984375 
   0.00045351474   0.038238525391 
   0.00047619048   0.028778076172 
   0.00049886621   0.019683837891 
   0.00052154195   0.011993408203 
   0.00054421769  0.0055847167969 
   0.00056689342  -0.00039672851562 
   0.00058956916  -0.0061950683594 
    0.0006122449  -0.011962890625 
   0.00063492063  -0.017669677734 
   0.00065759637  -0.023468017578 
   0.00068027211  -0.029663085938 
   0.00070294785  -0.035827636719 
   0.00072562358  -0.042114257812 
   0.00074829932  -0.049407958984 
   0.00077097506  -0.056518554688 
   0.00079365079  -0.062469482422 
   0.00081632653  -0.066680908203 
   0.00083900227  -0.069091796875 
     0.000861678  -0.068695068359 
   0.00088435374  -0.064636230469 
   0.00090702948  -0.055755615234 
   0.00092970522  -0.041900634766 
   0.00095238095  -0.023742675781 
   0.00097505669  -0.00076293945312 
   0.00099773243   0.026397705078 
    0.0010204082   0.057556152344 
    0.0010430839   0.092102050781 
    0.0010657596    0.12921142578 
    0.0010884354    0.16787719727 
    0.0011111111    0.20660400391 
    0.0011337868    0.24252319336 
    0.0011564626    0.27386474609 
    0.0011791383    0.29711914062 
    0.0012018141    0.31002807617 
    0.0012244898    0.31094360352 
    0.0012471655    0.30023193359 
    0.0012698413    0.27801513672 
     0.001292517    0.24615478516 
    0.0013151927    0.20715332031 
    0.0013378685    0.16360473633 
    0.0013605442    0.11840820312 
      0.00138322    0.07373046875 
    0.0014058957   0.031524658203 
    0.0014285714  -0.0060424804688 
    0.0014512472   -0.03759765625 
    0.0014739229  -0.061492919922 
    0.0014965986    -0.0771484375 
    0.0015192744  -0.084197998047 
    0.0015419501  -0.083160400391 
    0.0015646259  -0.074188232422 
    0.0015873016  -0.058258056641 
    0.0016099773  -0.036590576172 
    0.0016326531  -0.010162353516 
    0.0016553288   0.019653320312 
    0.0016780045   0.052459716797 
    0.0017006803   0.085388183594 
     0.001723356    0.11703491211 
    0.0017460317    0.14636230469 
    0.0017687075    0.17254638672 
    0.0017913832    0.19509887695 
     0.001814059    0.21258544922 
    0.0018367347    0.22485351562 
    0.0018594104    0.23132324219 
    0.0018820862    0.23150634766 
    0.0019047619    0.22555541992 
    0.0019274376    0.21185302734 
    0.0019501134    0.19036865234 
    0.0019727891    0.16107177734 
    0.0019954649    0.12490844727 
    0.0020181406   0.083068847656 
    0.0020408163   0.037994384766 
    0.0020634921  -0.0081481933594 
    0.0020861678  -0.053253173828 
    0.0021088435  -0.093872070312 
    0.0021315193   -0.12847900391 
     0.002154195   -0.15612792969 
    0.0021768707   -0.17620849609 
    0.0021995465   -0.18960571289 
    0.0022222222   -0.19631958008 
     0.002244898   -0.19760131836 
    0.0022675737   -0.19421386719 
    0.0022902494   -0.18804931641 
    0.0023129252   -0.17971801758 
    0.0023356009   -0.16873168945 
    0.0023582766   -0.15594482422 
    0.0023809524   -0.14358520508 
    0.0024036281   -0.13180541992 
    0.0024263039   -0.12020874023 
    0.0024489796   -0.10876464844 
    0.0024716553  -0.097747802734 
    0.0024943311  -0.087982177734 
    0.0025170068  -0.079345703125 
    0.0025396825  -0.072113037109 
    0.0025623583  -0.065124511719 
     0.002585034  -0.057830810547 
    0.0026077098  -0.051727294922 
    0.0026303855  -0.046722412109 
    0.0026530612  -0.041778564453 
     0.002675737  -0.037170410156 
    0.0026984127  -0.033386230469 
    0.0027210884  -0.030700683594 
    0.0027437642  -0.028472900391 
    0.0027664399  -0.027862548828 
    0.0027891156  -0.028594970703 
    0.0028117914  -0.030517578125 
    0.0028344671  -0.033264160156 
    0.0028571429  -0.035522460938 
    0.0028798186  -0.036590576172 
    0.0029024943  -0.036804199219 
    0.0029251701  -0.036163330078 
    0.0029478458  -0.034576416016 
    0.0029705215  -0.031707763672 
    0.0029931973  -0.027770996094 
     0.003015873  -0.022979736328 
    0.0030385488  -0.018127441406 
    0.0030612245  -0.013153076172 
    0.0030839002  -0.0090637207031 
     0.003106576     -0.005859375 
    0.0031292517  -0.0037841796875 
    0.0031519274  -0.0034484863281 
    0.0031746032  -0.0046997070312 
    0.0031972789  -0.0068664550781 
    0.0032199546  -0.0094909667969 
    0.0032426304  -0.011260986328 
    0.0032653061  -0.012542724609 
    0.0032879819   -0.01318359375 
    0.0033106576  -0.013153076172 
    0.0033333333      -0.01171875 
    0.0033560091  -0.0090026855469 
    0.0033786848  -0.0050659179688 
    0.0034013605  0.00018310546875 
    0.0034240363  0.0068664550781 
     0.003446712   0.014495849609 
    0.0034693878   0.021667480469 
    0.0034920635   0.028289794922 
    0.0035147392   0.033477783203 
     0.003537415   0.036682128906 
    0.0035600907   0.037292480469 
    0.0035827664   0.035125732422 
    0.0036054422   0.031463623047 
    0.0036281179   0.026214599609 
    0.0036507937   0.019378662109 
    0.0036734694    0.01123046875 
    0.0036961451  0.0015869140625 
    0.0037188209  -0.0087280273438 
    0.0037414966  -0.018951416016 
    0.0037641723  -0.027740478516 
    0.0037868481    -0.0341796875 
    0.0038095238  -0.038391113281 
    0.0038321995  -0.041107177734 
    0.0038548753  -0.043182373047 
     0.003877551  -0.045043945312 
    0.0039002268  -0.047088623047 
    0.0039229025  -0.048858642578 
    0.0039455782  -0.050567626953 
     0.003968254  -0.052429199219 
    0.0039909297  -0.054412841797 
    0.0040136054  -0.056091308594 
    0.0040362812  -0.057952880859 
    0.0040589569  -0.059936523438 
    0.0040816327  -0.062744140625 
    0.0041043084  -0.065704345703 
    0.0041269841    -0.0693359375 
    0.0041496599  -0.073638916016 
    0.0041723356  -0.078491210938 
    0.0041950113  -0.084136962891 
    0.0042176871  -0.090698242188 
    0.0042403628  -0.097045898438 
    0.0042630385   -0.10232543945 
    0.0042857143      -0.10546875 
      0.00430839   -0.10577392578 
    0.0043310658   -0.10321044922 
    0.0043537415  -0.097808837891 
    0.0043764172  -0.089904785156 
     0.004399093  -0.080200195312 
    0.0044217687   -0.06982421875 
    0.0044444444  -0.059417724609 
    0.0044671202  -0.049285888672 
    0.0044897959    -0.0400390625 
    0.0045124717  -0.032318115234 
    0.0045351474  -0.026184082031 
    0.0045578231     -0.021484375 
    0.0045804989  -0.018768310547 
    0.0046031746  -0.017456054688 
    0.0046258503  -0.017242431641 
    0.0046485261  -0.017700195312 
    0.0046712018  -0.017974853516 
    0.0046938776  -0.017303466797 
    0.0047165533  -0.016235351562 
     0.004739229  -0.014862060547 
    0.0047619048  -0.012817382812 
    0.0047845805  -0.010040283203 
    0.0048072562    -0.0068359375 
     0.004829932  -0.0037841796875 
    0.0048526077  -0.00039672851562 
    0.0048752834   0.002685546875 
    0.0048979592  0.0047607421875 
    0.0049206349  0.0067749023438 
    0.0049433107  0.0090637207031 
    0.0049659864   0.010833740234 
    0.0049886621   0.012847900391 
    0.0050113379    0.01416015625 
    0.0050340136   0.015686035156 
    0.0050566893   0.017364501953 
    0.0050793651   0.018585205078 
    0.0051020408    0.02001953125 
    0.0051247166   0.021789550781 
    0.0051473923   0.024017333984 
     0.005170068   0.026153564453 
    0.0051927438     0.0283203125 
    0.0052154195   0.030364990234 
    0.0052380952   0.032073974609 
     0.005260771   0.032745361328 
    0.0052834467   0.032043457031 
    0.0053061224   0.030242919922 
    0.0053287982   0.027282714844 
    0.0053514739   0.023345947266 
    0.0053741497   0.018127441406 
    0.0053968254     0.0126953125 
    0.0054195011  0.0063171386719 
    0.0054421769  -0.00027465820312 
    0.0054648526  -0.0064697265625 
    0.0054875283  -0.012145996094 
    0.0055102041  -0.016845703125 
    0.0055328798  -0.020141601562 
    0.0055555556  -0.022552490234 
    0.0055782313  -0.023345947266 
     0.005600907  -0.022705078125 
    0.0056235828   -0.02099609375 
    0.0056462585  -0.017974853516 
    0.0056689342  -0.014434814453 
      0.00569161  -0.011047363281 
    0.0057142857  -0.0082702636719 
    0.0057369615    -0.0068359375 
    0.0057596372  -0.0066223144531 
    0.0057823129  -0.0075073242188 
    0.0058049887  -0.0083923339844 
    0.0058276644  -0.0092468261719 
    0.0058503401  -0.010223388672 
    0.0058730159  -0.011627197266 
    0.0058956916  -0.013610839844 
    0.0059183673  -0.015838623047 
    0.0059410431  -0.018737792969 
    0.0059637188  -0.022521972656 
    0.0059863946  -0.025970458984 
    0.0060090703  -0.028442382812 
     0.006031746  -0.029388427734 
    0.0060544218    -0.0283203125 
    0.0060770975  -0.024780273438 
    0.0060997732  -0.019195556641 
