; Sample Rate 44100
; Channels 1
               0  0.0061950683594 
   2.2675737e-05   0.025726318359 
   4.5351474e-05   0.044006347656 
   6.8027211e-05   0.060424804688 
   9.0702948e-05   0.074371337891 
   0.00011337868   0.085906982422 
   0.00013605442     0.0947265625 
   0.00015873016    0.10134887695 
    0.0001814059    0.10595703125 
   0.00020408163     0.1086730957 
   0.00022675737    0.10998535156 
   0.00024943311     0.1096496582 
   0.00027210884    0.10757446289 
   0.00029478458    0.10369873047 
   0.00031746032    0.09814453125 
   0.00034013605   0.090393066406 
   0.00036281179   0.081176757812 
   0.00038548753   0.070251464844 
   0.00040816327   0.057891845703 
     0.000430839   0.044891357422 
   0.00045351474   0.032287597656 
   0.00047619048   0.020751953125 
   0.00049886621   0.010650634766 
   0.00052154195  0.0020141601562 
   0.00054421769  -0.0049133300781 
   0.00056689342  -0.010925292969 
   0.00058956916  -0.015808105469 
    0.0006122449  -0.020202636719 
   0.00063492063   -0.02490234375 
   0.00065759637  -0.029418945312 
   0.00068027211  -0.033874511719 
   0.00070294785   -0.03759765625 
   0.00072562358  -0.040466308594 
   0.00074829932  -0.041900634766 
   0.00077097506  -0.041351318359 
   0.00079365079  -0.037628173828 
   0.00081632653  -0.029998779297 
   0.00083900227  -0.017761230469 
     0.000861678  -0.00057983398438 
   0.00088435374   0.021392822266 
   0.00090702948   0.047973632812 
   0.00092970522   0.078826904297 
   0.00095238095    0.11331176758 
   0.00097505669    0.15023803711 
   0.00099773243    0.18814086914 
    0.0010204082    0.22448730469 
    0.0010430839    0.25570678711 
    0.0010657596    0.27853393555 
    0.0010884354    0.28994750977 
    0.0011111111    0.28952026367 
    0.0011337868    0.27676391602 
    0.0011564626    0.25344848633 
    0.0011791383    0.22152709961 
    0.0012018141     0.1833190918 
    0.0012244898     0.1416015625 
    0.0012471655   0.099639892578 
    0.0012698413   0.059906005859 
     0.001292517   0.024291992188 
    0.0013151927  -0.005126953125 
    0.0013378685  -0.027404785156 
    0.0013605442  -0.042022705078 
      0.00138322  -0.048614501953 
    0.0014058957  -0.048645019531 
    0.0014285714  -0.042175292969 
    0.0014512472  -0.030822753906 
    0.0014739229  -0.015563964844 
    0.0014965986  0.0026550292969 
    0.0015192744   0.022979736328 
    0.0015419501   0.044067382812 
    0.0015646259    0.06494140625 
    0.0015873016     0.0849609375 
    0.0016099773    0.10314941406 
    0.0016326531    0.11999511719 
    0.0016553288    0.13439941406 
    0.0016780045    0.14645385742 
    0.0017006803    0.15631103516 
     0.001723356    0.16296386719 
    0.0017460317    0.16622924805 
    0.0017687075    0.16561889648 
    0.0017913832    0.16070556641 
     0.001814059    0.15069580078 
    0.0018367347    0.13592529297 
    0.0018594104    0.11618041992 
    0.0018820862   0.091217041016 
    0.0019047619     0.0615234375 
    0.0019274376   0.028533935547 
    0.0019501134  -0.0061950683594 
    0.0019727891  -0.040863037109 
    0.0019954649  -0.072845458984 
    0.0020181406  -0.099639892578 
    0.0020408163   -0.12023925781 
    0.0020634921   -0.13357543945 
    0.0020861678   -0.13909912109 
    0.0021088435   -0.13745117188 
    0.0021315193   -0.12939453125 
     0.002154195   -0.11654663086 
    0.0021768707   -0.10076904297 
    0.0021995465  -0.083770751953 
    0.0022222222   -0.06689453125 
     0.002244898  -0.050872802734 
    0.0022675737  -0.036926269531 
    0.0022902494  -0.025085449219 
    0.0023129252  -0.015655517578 
    0.0023356009  -0.0090026855469 
    0.0023582766  -0.0052185058594 
    0.0023809524  -0.0039367675781 
    0.0024036281  -0.005126953125 
    0.0024263039  -0.0085144042969 
    0.0024489796  -0.013244628906 
    0.0024716553  -0.018096923828 
    0.0024943311  -0.022430419922 
    0.0025170068  -0.025299072266 
    0.0025396825  -0.026794433594 
    0.0025623583  -0.025848388672 
     0.002585034  -0.023529052734 
    0.0026077098  -0.020233154297 
    0.0026303855  -0.016204833984 
    0.0026530612  -0.012542724609 
     0.002675737  -0.0091247558594 
    0.0026984127  -0.0065307617188 
    0.0027210884  -0.004638671875 
    0.0027437642  -0.0039672851562 
    0.0027664399  -0.0053100585938 
    0.0027891156  -0.0090942382812 
    0.0028117914  -0.014984130859 
    0.0028344671   -0.02294921875 
    0.0028571429  -0.032440185547 
    0.0028798186  -0.042510986328 
    0.0029024943  -0.052581787109 
    0.0029251701  -0.061859130859 
    0.0029478458  -0.069946289062 
    0.0029705215  -0.075927734375 
    0.0029931973  -0.079437255859 
     0.003015873  -0.080902099609 
    0.0030385488  -0.080474853516 
    0.0030612245  -0.078491210938 
    0.0030839002  -0.075256347656 
     0.003106576  -0.070983886719 
    0.0031292517  -0.066558837891 
    0.0031519274  -0.061676025391 
    0.0031746032  -0.056884765625 
    0.0031972789  -0.052124023438 
    0.0032199546  -0.047424316406 
    0.0032426304  -0.042755126953 
    0.0032653061  -0.037384033203 
    0.0032879819  -0.031768798828 
    0.0033106576  -0.025756835938 
    0.0033333333  -0.019744873047 
    0.0033560091  -0.014038085938 
    0.0033786848  -0.008544921875 
    0.0034013605  -0.0038146972656 
    0.0034240363  0.00015258789062 
     0.003446712  0.0027770996094 
    0.0034693878  0.0036010742188 
    0.0034920635  0.0027770996094 
    0.0035147392  0.00051879882812 
     0.003537415  -0.0035095214844 
    0.0035600907  -0.0087280273438 
    0.0035827664  -0.014770507812 
    0.0036054422  -0.021301269531 
    0.0036281179  -0.028533935547 
    0.0036507937  -0.036102294922 
    0.0036734694  -0.043853759766 
    0.0036961451  -0.051086425781 
    0.0037188209  -0.056793212891 
    0.0037414966  -0.060211181641 
    0.0037641723  -0.060913085938 
    0.0037868481  -0.058837890625 
    0.0038095238  -0.055419921875 
    0.0038321995  -0.051391601562 
    0.0038548753  -0.047698974609 
     0.003877551  -0.044342041016 
    0.0039002268  -0.041412353516 
    0.0039229025  -0.038635253906 
    0.0039455782  -0.035827636719 
     0.003968254  -0.033020019531 
    0.0039909297    -0.0302734375 
    0.0040136054  -0.027252197266 
    0.0040362812  -0.024322509766 
    0.0040589569  -0.022125244141 
    0.0040816327  -0.020172119141 
    0.0041043084  -0.018951416016 
    0.0041269841  -0.018371582031 
    0.0041496599  -0.018463134766 
    0.0041723356  -0.019226074219 
    0.0041950113  -0.020721435547 
    0.0042176871  -0.023101806641 
    0.0042403628  -0.025848388672 
    0.0042630385  -0.029571533203 
    0.0042857143  -0.033966064453 
      0.00430839  -0.039245605469 
    0.0043310658  -0.044891357422 
    0.0043537415  -0.050750732422 
    0.0043764172  -0.056182861328 
     0.004399093  -0.060485839844 
    0.0044217687  -0.063873291016 
    0.0044444444  -0.065490722656 
    0.0044671202  -0.065582275391 
    0.0044897959  -0.063659667969 
    0.0045124717  -0.060028076172 
    0.0045351474  -0.054138183594 
    0.0045578231  -0.046295166016 
    0.0045804989  -0.036590576172 
    0.0046031746  -0.025787353516 
    0.0046258503  -0.014526367188 
    0.0046485261  -0.003662109375 
    0.0046712018  0.0054931640625 
    0.0046938776    0.01318359375 
    0.0047165533   0.018035888672 
     0.004739229   0.020446777344 
    0.0047619048   0.019561767578 
    0.0047845805   0.015563964844 
    0.0048072562  0.0093383789062 
     0.004829932  0.0010070800781 
    0.0048526077  -0.0082397460938 
    0.0048752834  -0.017486572266 
    0.0048979592  -0.025909423828 
    0.0049206349  -0.033355712891 
    0.0049433107  -0.039093017578 
    0.0049659864  -0.042541503906 
    0.0049886621  -0.043670654297 
    0.0050113379  -0.042877197266 
    0.0050340136  -0.040008544922 
    0.0050566893  -0.036010742188 
    0.0050793651  -0.031097412109 
    0.0051020408  -0.025543212891 
    0.0051247166  -0.019561767578 
    0.0051473923  -0.013549804688 
     0.005170068  -0.0075988769531 
    0.0051927438  -0.0017395019531 
    0.0052154195  0.0032958984375 
    0.0052380952  0.0078735351562 
     0.005260771   0.011077880859 
    0.0052834467    0.01318359375 
    0.0053061224   0.014312744141 
    0.0053287982   0.015197753906 
    0.0053514739   0.016235351562 
    0.0053741497   0.017883300781 
    0.0053968254   0.019470214844 
    0.0054195011   0.020965576172 
    0.0054421769   0.021850585938 
    0.0054648526   0.022888183594 
    0.0054875283    0.02392578125 
    0.0055102041   0.024627685547 
    0.0055328798   0.024749755859 
    0.0055555556   0.023712158203 
    0.0055782313   0.020751953125 
     0.005600907    0.01611328125 
    0.0056235828  0.0093994140625 
    0.0056462585    0.00048828125 
    0.0056689342  -0.010589599609 
      0.00569161       -0.0234375 
    0.0057142857  -0.038116455078 
    0.0057369615  -0.053619384766 
    0.0057596372  -0.070037841797 
    0.0057823129  -0.085662841797 
    0.0058049887  -0.099548339844 
    0.0058276644   -0.10986328125 
    0.0058503401   -0.11532592773 
    0.0058730159   -0.11557006836 
    0.0058956916   -0.11074829102 
    0.0059183673   -0.10177612305 
    0.0059410431  -0.089019775391 
    0.0059637188  -0.073852539062 
    0.0059863946  -0.056274414062 
    0.0060090703  -0.037078857422 
     0.006031746  -0.017028808594 
