; Sample Rate 44100
; Channels 1
               0  -0.012023925781 
   2.2675737e-05  0.0071411132812 
   4.5351474e-05     0.0263671875 
   6.8027211e-05   0.044799804688 
   9.0702948e-05   0.061462402344 
   0.00011337868   0.076049804688 
   0.00013605442   0.088256835938 
   0.00015873016   0.097869873047 
    0.0001814059    0.10571289062 
   0.00020408163    0.11172485352 
   0.00022675737    0.11596679688 
   0.00024943311    0.11862182617 
   0.00027210884    0.11892700195 
   0.00029478458    0.11682128906 
   0.00031746032     0.1120300293 
   0.00034013605    0.10513305664 
   0.00036281179   0.095520019531 
   0.00038548753   0.083953857422 
   0.00040816327   0.070678710938 
     0.000430839   0.055938720703 
   0.00045351474   0.040496826172 
   0.00047619048   0.025207519531 
   0.00049886621   0.010681152344 
   0.00052154195  -0.0023803710938 
   0.00054421769  -0.013610839844 
   0.00056689342  -0.022918701172 
   0.00058956916  -0.031158447266 
    0.0006122449  -0.037872314453 
   0.00063492063  -0.043487548828 
   0.00065759637    -0.0478515625 
   0.00068027211  -0.051086425781 
   0.00070294785  -0.053192138672 
   0.00072562358  -0.054260253906 
   0.00074829932  -0.054077148438 
   0.00077097506  -0.052368164062 
   0.00079365079  -0.048461914062 
   0.00081632653  -0.041595458984 
   0.00083900227  -0.031341552734 
     0.000861678  -0.017364501953 
   0.00088435374  0.00070190429688 
   0.00090702948   0.022705078125 
   0.00092970522   0.048461914062 
   0.00095238095   0.077575683594 
   0.00097505669    0.10919189453 
   0.00099773243    0.14263916016 
    0.0010204082    0.17694091797 
    0.0010430839    0.21014404297 
    0.0010657596    0.23999023438 
    0.0010884354    0.26336669922 
    0.0011111111     0.2776184082 
    0.0011337868    0.28128051758 
    0.0011564626     0.2737121582 
    0.0011791383    0.25573730469 
    0.0012018141    0.22894287109 
    0.0012244898    0.19549560547 
    0.0012471655    0.15740966797 
    0.0012698413     0.1178894043 
     0.001292517   0.079040527344 
    0.0013151927   0.043029785156 
    0.0013378685   0.012573242188 
    0.0013605442  -0.012054443359 
      0.00138322  -0.029632568359 
    0.0014058957  -0.039947509766 
    0.0014285714  -0.042846679688 
    0.0014512472  -0.039184570312 
    0.0014739229     -0.029296875 
    0.0014965986  -0.014617919922 
    0.0015192744    0.00341796875 
    0.0015419501   0.023040771484 
    0.0015646259   0.043243408203 
    0.0015873016   0.062591552734 
    0.0016099773   0.080810546875 
    0.0016326531   0.097473144531 
    0.0016553288    0.11239624023 
    0.0016780045    0.12545776367 
    0.0017006803    0.13638305664 
     0.001723356    0.14477539062 
    0.0017460317    0.15054321289 
    0.0017687075     0.1535949707 
    0.0017913832    0.15338134766 
     0.001814059    0.14956665039 
    0.0018367347    0.14196777344 
    0.0018594104    0.13061523438 
    0.0018820862    0.11520385742 
    0.0019047619   0.095764160156 
    0.0019274376   0.071594238281 
    0.0019501134   0.043548583984 
    0.0019727891   0.012786865234 
    0.0019954649  -0.019409179688 
    0.0020181406  -0.050476074219 
    0.0020408163  -0.078247070312 
    0.0020634921   -0.10125732422 
    0.0020861678   -0.11804199219 
    0.0021088435   -0.12789916992 
    0.0021315193   -0.13104248047 
     0.002154195   -0.12713623047 
    0.0021768707   -0.11779785156 
    0.0021995465   -0.10424804688 
    0.0022222222  -0.087921142578 
     0.002244898  -0.070953369141 
    0.0022675737  -0.053894042969 
    0.0022902494  -0.038391113281 
    0.0023129252  -0.024932861328 
    0.0023356009  -0.014404296875 
    0.0023582766  -0.0077209472656 
    0.0023809524  -0.0052185058594 
    0.0024036281    -0.0068359375 
    0.0024263039  -0.012145996094 
    0.0024489796  -0.019714355469 
    0.0024716553  -0.028594970703 
    0.0024943311  -0.036499023438 
    0.0025170068  -0.042816162109 
    0.0025396825  -0.047058105469 
    0.0025623583  -0.047973632812 
     0.002585034  -0.045776367188 
    0.0026077098  -0.040954589844 
    0.0026303855  -0.034088134766 
    0.0026530612  -0.025787353516 
     0.002675737  -0.016937255859 
    0.0026984127  -0.0085144042969 
    0.0027210884  -0.0013732910156 
    0.0027437642   0.004638671875 
    0.0027664399  0.0081176757812 
    0.0027891156  0.0088500976562 
    0.0028117914  0.0066223144531 
    0.0028344671  0.0014038085938 
    0.0028571429  -0.0060119628906 
    0.0028798186  -0.015319824219 
    0.0029024943  -0.025482177734 
    0.0029251701  -0.035736083984 
    0.0029478458  -0.046020507812 
    0.0029705215  -0.055145263672 
    0.0029931973  -0.062957763672 
     0.003015873  -0.068908691406 
    0.0030385488  -0.073089599609 
    0.0030612245  -0.075744628906 
    0.0030839002  -0.076873779297 
     0.003106576  -0.076690673828 
    0.0031292517  -0.075622558594 
    0.0031519274  -0.073364257812 
    0.0031746032  -0.070404052734 
    0.0031972789  -0.066741943359 
    0.0032199546          -0.0625 
    0.0032426304  -0.057495117188 
    0.0032653061  -0.051696777344 
    0.0032879819  -0.045349121094 
    0.0033106576  -0.038269042969 
    0.0033333333  -0.030609130859 
    0.0033560091  -0.022766113281 
    0.0033786848  -0.014587402344 
    0.0034013605  -0.0069580078125 
    0.0034240363  0.00042724609375 
     0.003446712  0.0066223144531 
    0.0034693878   0.011291503906 
    0.0034920635   0.013946533203 
    0.0035147392   0.014495849609 
     0.003537415   0.013092041016 
    0.0035600907  0.0098571777344 
    0.0035827664  0.0049133300781 
    0.0036054422  -0.0013427734375 
    0.0036281179  -0.0089416503906 
    0.0036507937     -0.017578125 
    0.0036734694  -0.027282714844 
    0.0036961451     -0.037109375 
    0.0037188209  -0.045806884766 
    0.0037414966  -0.052215576172 
    0.0037641723   -0.05615234375 
    0.0037868481  -0.057281494141 
    0.0038095238  -0.056243896484 
    0.0038321995  -0.054382324219 
    0.0038548753  -0.051727294922 
     0.003877551     -0.048828125 
    0.0039002268  -0.045715332031 
    0.0039229025  -0.042999267578 
    0.0039455782  -0.039794921875 
     0.003968254  -0.036682128906 
    0.0039909297  -0.033782958984 
    0.0040136054  -0.031402587891 
    0.0040362812  -0.029846191406 
    0.0040589569  -0.028656005859 
    0.0040816327  -0.028259277344 
    0.0041043084  -0.028259277344 
    0.0041269841  -0.028503417969 
    0.0041496599  -0.028717041016 
    0.0041723356  -0.028900146484 
    0.0041950113  -0.028961181641 
    0.0042176871  -0.028717041016 
    0.0042403628  -0.028656005859 
    0.0042630385  -0.029144287109 
    0.0042857143  -0.030364990234 
      0.00430839  -0.032653808594 
    0.0043310658  -0.035980224609 
    0.0043537415  -0.040435791016 
    0.0043764172  -0.045745849609 
     0.004399093  -0.051513671875 
    0.0044217687  -0.057006835938 
    0.0044444444  -0.061553955078 
    0.0044671202  -0.064727783203 
    0.0044897959  -0.066375732422 
    0.0045124717  -0.065856933594 
    0.0045351474  -0.063079833984 
    0.0045578231  -0.057769775391 
    0.0045804989  -0.049621582031 
    0.0046031746  -0.039245605469 
    0.0046258503  -0.027496337891 
    0.0046485261  -0.015380859375 
    0.0046712018  -0.0034790039062 
    0.0046938776  0.0074462890625 
    0.0047165533   0.016021728516 
     0.004739229   0.021881103516 
    0.0047619048   0.024536132812 
    0.0047845805    0.02392578125 
    0.0048072562   0.020233154297 
     0.004829932   0.013793945312 
    0.0048526077  0.0054931640625 
    0.0048752834  -0.0038757324219 
    0.0048979592  -0.014038085938 
    0.0049206349  -0.023834228516 
    0.0049433107  -0.032440185547 
    0.0049659864  -0.039520263672 
    0.0049886621  -0.044281005859 
    0.0050113379  -0.046539306641 
    0.0050340136  -0.046020507812 
    0.0050566893  -0.043243408203 
    0.0050793651  -0.038848876953 
    0.0051020408  -0.033721923828 
    0.0051247166  -0.027557373047 
    0.0051473923  -0.021026611328 
     0.005170068  -0.014404296875 
    0.0051927438  -0.0081787109375 
    0.0052154195  -0.0025939941406 
    0.0052380952  0.0022277832031 
     0.005260771      0.005859375 
    0.0052834467  0.0084228515625 
    0.0053061224  0.0098571777344 
    0.0053287982   0.011108398438 
    0.0053514739   0.012481689453 
    0.0053741497   0.013946533203 
    0.0053968254   0.015777587891 
    0.0054195011   0.017272949219 
    0.0054421769   0.018402099609 
    0.0054648526   0.019622802734 
    0.0054875283    0.02099609375 
    0.0055102041     0.0224609375 
    0.0055328798   0.023681640625 
    0.0055555556   0.024444580078 
    0.0055782313   0.024230957031 
     0.005600907   0.021942138672 
    0.0056235828   0.017883300781 
    0.0056462585   0.011444091797 
    0.0056689342  0.0022888183594 
      0.00569161  -0.0086975097656 
    0.0057142857  -0.021514892578 
    0.0057369615  -0.035461425781 
    0.0057596372  -0.051147460938 
    0.0057823129  -0.067321777344 
    0.0058049887  -0.082702636719 
    0.0058276644  -0.095642089844 
    0.0058503401   -0.10482788086 
    0.0058730159        -0.109375 
    0.0058956916   -0.10946655273 
    0.0059183673   -0.10473632812 
    0.0059410431  -0.095581054688 
    0.0059637188  -0.083221435547 
    0.0059863946  -0.068420410156 
    0.0060090703  -0.051879882812 
     0.006031746  -0.034240722656 
    0.0060544218  -0.015777587891 
