; Sample Rate 44100
; Channels 1
               0  0.0033264160156 
   2.2675737e-05   0.022613525391 
   4.5351474e-05    0.04150390625 
   6.8027211e-05   0.058959960938 
   9.0702948e-05   0.074340820312 
   0.00011337868   0.087371826172 
   0.00013605442   0.097930908203 
   0.00015873016    0.10623168945 
    0.0001814059    0.11242675781 
   0.00020408163    0.11645507812 
   0.00022675737    0.11853027344 
   0.00024943311    0.11840820312 
   0.00027210884    0.11639404297 
   0.00029478458    0.11190795898 
   0.00031746032       0.10546875 
   0.00034013605   0.096801757812 
   0.00036281179   0.086212158203 
   0.00038548753   0.073822021484 
   0.00040816327   0.060455322266 
     0.000430839   0.046630859375 
   0.00045351474   0.033264160156 
   0.00047619048   0.020324707031 
   0.00049886621  0.0082702636719 
   0.00052154195  -0.0028381347656 
   0.00054421769  -0.012756347656 
   0.00056689342  -0.020965576172 
   0.00058956916  -0.027923583984 
    0.0006122449  -0.033416748047 
   0.00063492063  -0.038482666016 
   0.00065759637  -0.043151855469 
   0.00068027211  -0.047210693359 
   0.00070294785  -0.050659179688 
   0.00072562358  -0.053192138672 
   0.00074829932  -0.054412841797 
   0.00077097506  -0.054229736328 
   0.00079365079  -0.051452636719 
   0.00081632653  -0.045654296875 
   0.00083900227  -0.036376953125 
     0.000861678  -0.023132324219 
   0.00088435374  -0.005615234375 
   0.00090702948    0.01611328125 
   0.00092970522    0.04150390625 
   0.00095238095   0.070465087891 
   0.00097505669    0.10250854492 
   0.00099773243     0.1364440918 
    0.0010204082    0.17080688477 
    0.0010430839    0.20394897461 
    0.0010657596     0.2331237793 
    0.0010884354    0.25588989258 
    0.0011111111     0.2698059082 
    0.0011337868    0.27362060547 
    0.0011564626    0.26693725586 
    0.0011791383    0.25067138672 
    0.0012018141    0.22583007812 
    0.0012244898    0.19458007812 
    0.0012471655    0.15902709961 
    0.0012698413    0.12155151367 
     0.001292517   0.084075927734 
    0.0013151927   0.049224853516 
    0.0013378685   0.018157958984 
    0.0013605442  -0.0072021484375 
      0.00138322  -0.026428222656 
    0.0014058957  -0.038787841797 
    0.0014285714  -0.043426513672 
    0.0014512472  -0.040985107422 
    0.0014739229  -0.032440185547 
    0.0014965986   -0.01806640625 
    0.0015192744  0.00030517578125 
    0.0015419501   0.021087646484 
    0.0015646259   0.042663574219 
    0.0015873016   0.064056396484 
    0.0016099773   0.084228515625 
    0.0016326531    0.10272216797 
    0.0016553288    0.11938476562 
    0.0016780045    0.13357543945 
    0.0017006803    0.14514160156 
     0.001723356    0.15399169922 
    0.0017460317    0.15966796875 
    0.0017687075    0.16223144531 
    0.0017913832    0.16082763672 
     0.001814059    0.15563964844 
    0.0018367347    0.14627075195 
    0.0018594104     0.1337890625 
    0.0018820862    0.11715698242 
    0.0019047619   0.096435546875 
    0.0019274376   0.071502685547 
    0.0019501134   0.043273925781 
    0.0019727891   0.012115478516 
    0.0019954649      -0.01953125 
    0.0020181406  -0.049499511719 
    0.0020408163  -0.076324462891 
    0.0020634921  -0.098175048828 
    0.0020861678   -0.11404418945 
    0.0021088435   -0.12335205078 
    0.0021315193   -0.12548828125 
     0.002154195   -0.12127685547 
    0.0021768707   -0.11187744141 
    0.0021995465  -0.098663330078 
    0.0022222222  -0.083251953125 
     0.002244898  -0.066772460938 
    0.0022675737  -0.050506591797 
    0.0022902494  -0.035430908203 
    0.0023129252  -0.022705078125 
    0.0023356009  -0.013122558594 
    0.0023582766  -0.0072631835938 
    0.0023809524  -0.0061645507812 
    0.0024036281  -0.0087280273438 
    0.0024263039    -0.0146484375 
    0.0024489796  -0.023223876953 
    0.0024716553  -0.032562255859 
    0.0024943311  -0.041412353516 
    0.0025170068  -0.048553466797 
    0.0025396825  -0.052459716797 
    0.0025623583  -0.053375244141 
     0.002585034  -0.050689697266 
    0.0026077098  -0.045349121094 
    0.0026303855  -0.037963867188 
    0.0026530612  -0.029449462891 
     0.002675737    -0.0205078125 
    0.0026984127  -0.012298583984 
    0.0027210884  -0.0057067871094 
    0.0027437642  -0.00064086914062 
    0.0027664399  0.0017395019531 
    0.0027891156  0.0014343261719 
    0.0028117914  -0.0016479492188 
    0.0028344671  -0.0068664550781 
    0.0028571429  -0.014343261719 
    0.0028798186  -0.022735595703 
    0.0029024943  -0.032196044922 
    0.0029251701  -0.041381835938 
    0.0029478458  -0.050231933594 
    0.0029705215  -0.058044433594 
    0.0029931973  -0.064147949219 
     0.003015873  -0.068939208984 
    0.0030385488     -0.072265625 
    0.0030612245      -0.07421875 
    0.0030839002  -0.074920654297 
     0.003106576  -0.074493408203 
    0.0031292517  -0.073120117188 
    0.0031519274  -0.071105957031 
    0.0031746032  -0.068145751953 
    0.0031972789  -0.064514160156 
    0.0032199546  -0.059967041016 
    0.0032426304  -0.054229736328 
    0.0032653061  -0.047698974609 
    0.0032879819  -0.040191650391 
    0.0033106576  -0.032196044922 
    0.0033333333  -0.024017333984 
    0.0033560091  -0.015258789062 
    0.0033786848  -0.0070495605469 
    0.0034013605  0.00051879882812 
    0.0034240363  0.0072326660156 
     0.003446712   0.012298583984 
    0.0034693878   0.015563964844 
    0.0034920635   0.016815185547 
    0.0035147392   0.015838623047 
     0.003537415   0.012237548828 
    0.0035600907  0.0067749023438 
    0.0035827664  -0.00033569335938 
    0.0036054422  -0.0082702636719 
    0.0036281179  -0.016571044922 
    0.0036507937  -0.025146484375 
    0.0036734694  -0.034301757812 
    0.0036961451  -0.043334960938 
    0.0037188209  -0.051483154297 
    0.0037414966  -0.057495117188 
    0.0037641723  -0.060913085938 
    0.0037868481    -0.0615234375 
    0.0038095238  -0.059509277344 
    0.0038321995  -0.056121826172 
    0.0038548753  -0.051910400391 
     0.003877551  -0.047576904297 
    0.0039002268  -0.043182373047 
    0.0039229025  -0.038787841797 
    0.0039455782  -0.034484863281 
     0.003968254  -0.030029296875 
    0.0039909297  -0.025909423828 
    0.0040136054  -0.023040771484 
    0.0040362812  -0.020751953125 
    0.0040589569  -0.019409179688 
    0.0040816327  -0.019256591797 
    0.0041043084  -0.020111083984 
    0.0041269841  -0.021392822266 
    0.0041496599  -0.023010253906 
    0.0041723356  -0.024597167969 
    0.0041950113  -0.026519775391 
    0.0042176871  -0.028503417969 
    0.0042403628  -0.030517578125 
    0.0042630385  -0.033325195312 
    0.0042857143  -0.036956787109 
      0.00430839  -0.041351318359 
    0.0043310658  -0.046356201172 
    0.0043537415  -0.051635742188 
    0.0043764172  -0.057037353516 
     0.004399093  -0.062652587891 
    0.0044217687  -0.067016601562 
    0.0044444444       -0.0703125 
    0.0044671202     -0.072265625 
    0.0044897959  -0.072235107422 
    0.0045124717  -0.070495605469 
    0.0045351474  -0.066131591797 
    0.0045578231  -0.058898925781 
    0.0045804989  -0.049407958984 
    0.0046031746  -0.037628173828 
    0.0046258503  -0.024749755859 
    0.0046485261  -0.011810302734 
    0.0046712018  0.00018310546875 
    0.0046938776   0.010681152344 
    0.0047165533   0.018737792969 
     0.004739229   0.023834228516 
    0.0047619048   0.025726318359 
    0.0047845805   0.024505615234 
    0.0048072562   0.020111083984 
     0.004829932   0.013214111328 
    0.0048526077  0.0043640136719 
    0.0048752834  -0.0052490234375 
    0.0048979592  -0.015502929688 
    0.0049206349  -0.025360107422 
    0.0049433107  -0.033721923828 
    0.0049659864  -0.040557861328 
    0.0049886621  -0.045135498047 
    0.0050113379  -0.047119140625 
    0.0050340136  -0.046630859375 
    0.0050566893  -0.043731689453 
    0.0050793651  -0.039215087891 
    0.0051020408  -0.033264160156 
    0.0051247166  -0.026519775391 
    0.0051473923  -0.019744873047 
     0.005170068  -0.012634277344 
    0.0051927438  -0.0053100585938 
    0.0052154195  0.00091552734375 
    0.0052380952    0.00634765625 
     0.005260771   0.010620117188 
    0.0052834467   0.013458251953 
    0.0053061224   0.015502929688 
    0.0053287982   0.017120361328 
    0.0053514739   0.019073486328 
    0.0053741497   0.020568847656 
    0.0053968254   0.021942138672 
    0.0054195011   0.022888183594 
    0.0054421769   0.023773193359 
    0.0054648526   0.024169921875 
    0.0054875283   0.024871826172 
    0.0055102041   0.025421142578 
    0.0055328798   0.025268554688 
    0.0055555556   0.023895263672 
    0.0055782313   0.021026611328 
     0.005600907   0.017028808594 
    0.0056235828   0.010711669922 
    0.0056462585      0.001953125 
    0.0056689342  -0.0083618164062 
      0.00569161  -0.020416259766 
    0.0057142857  -0.034454345703 
    0.0057369615  -0.049774169922 
    0.0057596372  -0.065551757812 
    0.0057823129  -0.081024169922 
    0.0058049887  -0.094818115234 
    0.0058276644      -0.10546875 
    0.0058503401   -0.11221313477 
    0.0058730159   -0.11392211914 
    0.0058956916   -0.11096191406 
    0.0059183673   -0.10360717773 
    0.0059410431  -0.092590332031 
    0.0059637188  -0.078948974609 
    0.0059863946  -0.063385009766 
    0.0060090703  -0.046417236328 
     0.006031746  -0.028289794922 
