; Sample Rate 44100
; Channels 1
               0  0.0003662109375 
   2.2675737e-05     0.0205078125 
   4.5351474e-05   0.039489746094 
   6.8027211e-05   0.056762695312 
   9.0702948e-05   0.071655273438 
   0.00011337868   0.084014892578 
   0.00013605442   0.093688964844 
   0.00015873016    0.10095214844 
    0.0001814059    0.10629272461 
   0.00020408163     0.1096496582 
   0.00022675737    0.11145019531 
   0.00024943311    0.11169433594 
   0.00027210884    0.11022949219 
   0.00029478458    0.10638427734 
   0.00031746032   0.099945068359 
   0.00034013605   0.091369628906 
   0.00036281179   0.080871582031 
   0.00038548753   0.068603515625 
   0.00040816327   0.055297851562 
     0.000430839    0.04150390625 
   0.00045351474   0.028076171875 
   0.00047619048   0.015991210938 
   0.00049886621    0.00634765625 
   0.00052154195   -0.00146484375 
   0.00054421769  -0.0078735351562 
   0.00056689342  -0.012939453125 
   0.00058956916  -0.017364501953 
    0.0006122449  -0.021179199219 
   0.00063492063  -0.024688720703 
   0.00065759637  -0.027679443359 
   0.00068027211  -0.030944824219 
   0.00070294785  -0.033355712891 
   0.00072562358  -0.035095214844 
   0.00074829932  -0.035034179688 
   0.00077097506  -0.033050537109 
   0.00079365079  -0.027709960938 
   0.00081632653  -0.018524169922 
   0.00083900227  -0.0050354003906 
     0.000861678      0.013671875 
   0.00088435374   0.036804199219 
   0.00090702948      0.064453125 
   0.00092970522   0.096069335938 
   0.00095238095    0.13067626953 
   0.00097505669    0.16690063477 
   0.00099773243    0.20309448242 
    0.0010204082    0.23654174805 
    0.0010430839    0.26333618164 
    0.0010657596    0.28103637695 
    0.0010884354    0.28695678711 
    0.0011111111    0.28082275391 
    0.0011337868    0.26354980469 
    0.0011564626    0.23623657227 
    0.0011791383    0.20126342773 
    0.0012018141    0.16180419922 
    0.0012244898    0.12057495117 
    0.0012471655      0.080078125 
    0.0012698413   0.043212890625 
     0.001292517   0.011657714844 
    0.0013151927  -0.013244628906 
    0.0013378685  -0.030731201172 
    0.0013605442  -0.041137695312 
      0.00138322  -0.044311523438 
    0.0014058957  -0.041717529297 
    0.0014285714  -0.033905029297 
    0.0014512472  -0.021514892578 
    0.0014739229  -0.0059814453125 
    0.0014965986    0.01220703125 
    0.0015192744   0.031982421875 
    0.0015419501   0.052276611328 
    0.0015646259   0.072082519531 
    0.0015873016   0.091033935547 
    0.0016099773    0.10833740234 
    0.0016326531    0.12399291992 
    0.0016553288    0.13735961914 
    0.0016780045     0.1477355957 
    0.0017006803    0.15539550781 
     0.001723356    0.15972900391 
    0.0017460317    0.16033935547 
    0.0017687075    0.15701293945 
    0.0017913832    0.14907836914 
     0.001814059    0.13629150391 
    0.0018367347    0.11828613281 
    0.0018594104   0.095275878906 
    0.0018820862   0.068115234375 
    0.0019047619   0.037322998047 
    0.0019274376  0.0043334960938 
    0.0019501134  -0.028564453125 
    0.0019727891  -0.060150146484 
    0.0019954649  -0.088348388672 
    0.0020181406   -0.11090087891 
    0.0020408163   -0.12689208984 
    0.0020634921   -0.13592529297 
    0.0020861678   -0.13760375977 
    0.0021088435   -0.13269042969 
    0.0021315193   -0.12246704102 
     0.002154195   -0.10879516602 
    0.0021768707  -0.093048095703 
    0.0021995465  -0.076049804688 
    0.0022222222  -0.059936523438 
     0.002244898  -0.045135498047 
    0.0022675737  -0.032409667969 
    0.0022902494  -0.021820068359 
    0.0023129252  -0.013275146484 
    0.0023356009  -0.0072021484375 
    0.0023582766  -0.0036010742188 
    0.0023809524  -0.0026245117188 
    0.0024036281  -0.0040283203125 
    0.0024263039  -0.0075073242188 
    0.0024489796  -0.012054443359 
    0.0024716553  -0.016967773438 
    0.0024943311  -0.021179199219 
    0.0025170068  -0.024383544922 
    0.0025396825  -0.025756835938 
    0.0025623583  -0.025146484375 
     0.002585034  -0.023315429688 
    0.0026077098  -0.020263671875 
    0.0026303855  -0.016052246094 
    0.0026530612  -0.011047363281 
     0.002675737   -0.00634765625 
    0.0026984127  -0.0020751953125 
    0.0027210884  0.00091552734375 
    0.0027437642      0.001953125 
    0.0027664399  0.0010681152344 
    0.0027891156  -0.0025939941406 
    0.0028117914  -0.0086975097656 
    0.0028344671  -0.016906738281 
    0.0028571429  -0.027435302734 
    0.0028798186  -0.038604736328 
    0.0029024943  -0.049987792969 
    0.0029251701  -0.060363769531 
    0.0029478458  -0.069122314453 
    0.0029705215  -0.075836181641 
    0.0029931973  -0.080261230469 
     0.003015873  -0.082153320312 
    0.0030385488  -0.081817626953 
    0.0030612245  -0.079803466797 
    0.0030839002  -0.076477050781 
     0.003106576  -0.072631835938 
    0.0031292517  -0.068481445312 
    0.0031519274  -0.063690185547 
    0.0031746032  -0.058624267578 
    0.0031972789  -0.053192138672 
    0.0032199546  -0.047729492188 
    0.0032426304    -0.0419921875 
    0.0032653061  -0.036254882812 
    0.0032879819    -0.0302734375 
    0.0033106576  -0.024047851562 
    0.0033333333  -0.018035888672 
    0.0033560091  -0.012451171875 
    0.0033786848  -0.0073852539062 
    0.0034013605  -0.0032043457031 
    0.0034240363  -0.00015258789062 
     0.003446712    0.00146484375 
    0.0034693878  0.0023193359375 
    0.0034920635  0.0021057128906 
    0.0035147392  0.00057983398438 
     0.003537415  -0.0023803710938 
    0.0035600907  -0.0061645507812 
    0.0035827664  -0.011016845703 
    0.0036054422  -0.016662597656 
    0.0036281179  -0.023010253906 
    0.0036507937   -0.02978515625 
    0.0036734694  -0.036895751953 
    0.0036961451  -0.043426513672 
    0.0037188209  -0.048645019531 
    0.0037414966  -0.051330566406 
    0.0037641723  -0.052154541016 
    0.0037868481  -0.051483154297 
    0.0038095238  -0.050262451172 
    0.0038321995  -0.049133300781 
    0.0038548753  -0.048278808594 
     0.003877551  -0.047821044922 
    0.0039002268  -0.047210693359 
    0.0039229025  -0.046844482422 
    0.0039455782  -0.046020507812 
     0.003968254  -0.044372558594 
    0.0039909297  -0.041900634766 
    0.0040136054       -0.0390625 
    0.0040362812  -0.036010742188 
    0.0040589569  -0.033081054688 
    0.0040816327  -0.030548095703 
    0.0041043084  -0.028472900391 
    0.0041269841  -0.026794433594 
    0.0041496599  -0.025329589844 
    0.0041723356  -0.024322509766 
    0.0041950113  -0.023986816406 
    0.0042176871  -0.024169921875 
    0.0042403628  -0.025238037109 
    0.0042630385  -0.027099609375 
    0.0042857143  -0.030151367188 
      0.00430839  -0.034149169922 
    0.0043310658  -0.038848876953 
    0.0043537415  -0.043975830078 
    0.0043764172  -0.048919677734 
     0.004399093  -0.053314208984 
    0.0044217687  -0.056701660156 
    0.0044444444  -0.058380126953 
    0.0044671202  -0.058990478516 
    0.0044897959  -0.057983398438 
    0.0045124717  -0.054809570312 
    0.0045351474  -0.049865722656 
    0.0045578231  -0.042694091797 
    0.0045804989  -0.034362792969 
    0.0046031746  -0.024780273438 
    0.0046258503  -0.014099121094 
    0.0046485261  -0.0044250488281 
    0.0046712018  0.0040588378906 
    0.0046938776   0.010833740234 
    0.0047165533   0.015106201172 
     0.004739229   0.016723632812 
    0.0047619048   0.015350341797 
    0.0047845805   0.011749267578 
    0.0048072562  0.0057067871094 
     0.004829932  -0.0027160644531 
    0.0048526077  -0.011901855469 
    0.0048752834  -0.020965576172 
    0.0048979592     -0.029296875 
    0.0049206349  -0.036376953125 
    0.0049433107  -0.041564941406 
    0.0049659864  -0.044952392578 
    0.0049886621  -0.045806884766 
    0.0050113379  -0.044494628906 
    0.0050340136   -0.04150390625 
    0.0050566893  -0.036743164062 
    0.0050793651  -0.030639648438 
    0.0051020408  -0.023773193359 
    0.0051247166  -0.016540527344 
    0.0051473923  -0.0097961425781 
     0.005170068  -0.003662109375 
    0.0051927438  0.0020141601562 
    0.0052154195  0.0067138671875 
    0.0052380952   0.010345458984 
     0.005260771   0.013000488281 
    0.0052834467   0.014129638672 
    0.0053061224   0.014770507812 
    0.0053287982   0.014739990234 
    0.0053514739   0.015045166016 
    0.0053741497   0.015472412109 
    0.0053968254   0.016235351562 
    0.0054195011   0.017333984375 
    0.0054421769   0.018157958984 
    0.0054648526   0.019226074219 
    0.0054875283   0.020568847656 
    0.0055102041   0.021728515625 
    0.0055328798   0.022613525391 
    0.0055555556   0.022613525391 
    0.0055782313   0.021118164062 
     0.005600907    0.01806640625 
    0.0056235828   0.012969970703 
    0.0056462585   0.005126953125 
    0.0056689342  -0.0049438476562 
      0.00569161  -0.017181396484 
    0.0057142857  -0.031158447266 
    0.0057369615  -0.046905517578 
    0.0057596372  -0.063720703125 
    0.0057823129  -0.080047607422 
    0.0058049887  -0.094543457031 
    0.0058276644   -0.10559082031 
    0.0058503401   -0.11184692383 
    0.0058730159   -0.11282348633 
    0.0058956916   -0.10900878906 
    0.0059183673   -0.10055541992 
    0.0059410431  -0.088653564453 
    0.0059637188  -0.073577880859 
    0.0059863946  -0.056488037109 
    0.0060090703  -0.038116455078 
     0.006031746  -0.019012451172 
