; Sample Rate 44100
; Channels 1
               0  0.0030517578125 
   2.2675737e-05   0.022827148438 
   4.5351474e-05    0.04150390625 
   6.8027211e-05   0.058410644531 
   9.0702948e-05   0.073059082031 
   0.00011337868   0.084869384766 
   0.00013605442   0.094055175781 
   0.00015873016    0.10052490234 
    0.0001814059    0.10501098633 
   0.00020408163    0.10763549805 
   0.00022675737    0.10913085938 
   0.00024943311    0.10919189453 
   0.00027210884    0.10751342773 
   0.00029478458    0.10403442383 
   0.00031746032   0.098052978516 
   0.00034013605   0.089569091797 
   0.00036281179   0.079193115234 
   0.00038548753   0.067199707031 
   0.00040816327   0.054504394531 
     0.000430839     0.0419921875 
   0.00045351474   0.029998779297 
   0.00047619048   0.019348144531 
   0.00049886621   0.010192871094 
   0.00052154195  0.0027160644531 
   0.00054421769  -0.0032958984375 
   0.00056689342  -0.0082092285156 
   0.00058956916  -0.012451171875 
    0.0006122449  -0.016448974609 
   0.00063492063  -0.020355224609 
   0.00065759637  -0.024780273438 
   0.00068027211  -0.028747558594 
   0.00070294785  -0.032440185547 
   0.00072562358  -0.035369873047 
   0.00074829932  -0.036712646484 
   0.00077097506  -0.035583496094 
   0.00079365079         -0.03125 
   0.00081632653  -0.022491455078 
   0.00083900227  -0.0094299316406 
     0.000861678  0.0088806152344 
   0.00088435374   0.032073974609 
   0.00090702948   0.059936523438 
   0.00092970522   0.091674804688 
   0.00095238095    0.12670898438 
   0.00097505669    0.16409301758 
   0.00099773243    0.20162963867 
    0.0010204082    0.23641967773 
    0.0010430839    0.26440429688 
    0.0010657596    0.28338623047 
    0.0010884354    0.29052734375 
    0.0011111111     0.2848815918 
    0.0011337868    0.26739501953 
    0.0011564626    0.23986816406 
    0.0011791383    0.20462036133 
    0.0012018141    0.16494750977 
    0.0012244898      0.123046875 
    0.0012471655   0.082122802734 
    0.0012698413   0.044403076172 
     0.001292517   0.012054443359 
    0.0013151927  -0.013946533203 
    0.0013378685  -0.032196044922 
    0.0013605442  -0.043060302734 
      0.00138322  -0.046569824219 
    0.0014058957  -0.043914794922 
    0.0014285714  -0.035522460938 
    0.0014512472  -0.022827148438 
    0.0014739229  -0.006591796875 
    0.0014965986   0.011993408203 
    0.0015192744   0.031982421875 
    0.0015419501   0.052673339844 
    0.0015646259     0.0732421875 
    0.0015873016   0.092437744141 
    0.0016099773    0.10980224609 
    0.0016326531            0.125 
    0.0016553288    0.13790893555 
    0.0016780045    0.14852905273 
    0.0017006803    0.15658569336 
     0.001723356    0.16165161133 
    0.0017460317    0.16314697266 
    0.0017687075    0.16067504883 
    0.0017913832    0.15383911133 
     0.001814059    0.14221191406 
    0.0018367347    0.12551879883 
    0.0018594104    0.10327148438 
    0.0018820862   0.076446533203 
    0.0019047619   0.045440673828 
    0.0019274376   0.011993408203 
    0.0019501134  -0.022033691406 
    0.0019727891  -0.054901123047 
    0.0019954649  -0.084411621094 
    0.0020181406   -0.10852050781 
    0.0020408163   -0.12573242188 
    0.0020634921   -0.13549804688 
    0.0020861678   -0.13772583008 
    0.0021088435   -0.13372802734 
    0.0021315193   -0.12405395508 
     0.002154195   -0.11029052734 
    0.0021768707  -0.094299316406 
    0.0021995465  -0.077819824219 
    0.0022222222  -0.061859130859 
     0.002244898  -0.047119140625 
    0.0022675737  -0.034210205078 
    0.0022902494  -0.023498535156 
    0.0023129252  -0.014953613281 
    0.0023356009  -0.0084533691406 
    0.0023582766  -0.0042114257812 
    0.0023809524  -0.0023498535156 
    0.0024036281  -0.0030822753906 
    0.0024263039  -0.0057983398438 
    0.0024489796  -0.0097351074219 
    0.0024716553  -0.013946533203 
    0.0024943311  -0.018096923828 
    0.0025170068  -0.020599365234 
    0.0025396825  -0.021942138672 
    0.0025623583  -0.021331787109 
     0.002585034  -0.020202636719 
    0.0026077098  -0.017333984375 
    0.0026303855  -0.014251708984 
    0.0026530612  -0.011322021484 
     0.002675737  -0.0085144042969 
    0.0026984127   -0.00634765625 
    0.0027210884  -0.0045776367188 
    0.0027437642  -0.0042419433594 
    0.0027664399  -0.0056762695312 
    0.0027891156  -0.0094299316406 
    0.0028117914  -0.015045166016 
    0.0028344671  -0.022888183594 
    0.0028571429  -0.032135009766 
    0.0028798186  -0.042114257812 
    0.0029024943  -0.052062988281 
    0.0029251701  -0.060821533203 
    0.0029478458  -0.067993164062 
    0.0029705215  -0.073852539062 
    0.0029931973  -0.077484130859 
     0.003015873  -0.079071044922 
    0.0030385488  -0.078460693359 
    0.0030612245  -0.076202392578 
    0.0030839002   -0.07275390625 
     0.003106576  -0.068664550781 
    0.0031292517  -0.064392089844 
    0.0031519274  -0.060028076172 
    0.0031746032  -0.055908203125 
    0.0031972789  -0.051696777344 
    0.0032199546  -0.047790527344 
    0.0032426304  -0.043212890625 
    0.0032653061  -0.037658691406 
    0.0032879819  -0.031646728516 
    0.0033106576  -0.025299072266 
    0.0033333333  -0.019012451172 
    0.0033560091  -0.012847900391 
    0.0033786848  -0.0074768066406 
    0.0034013605  -0.0028686523438 
    0.0034240363  0.0006103515625 
     0.003446712  0.0033264160156 
    0.0034693878  0.0044860839844 
    0.0034920635  0.0040283203125 
    0.0035147392  0.0014953613281 
     0.003537415  -0.0026245117188 
    0.0035600907  -0.0072631835938 
    0.0035827664  -0.013031005859 
    0.0036054422  -0.019012451172 
    0.0036281179  -0.025421142578 
    0.0036507937  -0.032104492188 
    0.0036734694  -0.038848876953 
    0.0036961451  -0.045227050781 
    0.0037188209  -0.050384521484 
    0.0037414966  -0.053497314453 
    0.0037641723  -0.053955078125 
    0.0037868481     -0.052734375 
    0.0038095238  -0.050537109375 
    0.0038321995  -0.047790527344 
    0.0038548753  -0.045989990234 
     0.003877551  -0.044647216797 
    0.0039002268  -0.043731689453 
    0.0039229025  -0.042602539062 
    0.0039455782  -0.041473388672 
     0.003968254  -0.040161132812 
    0.0039909297  -0.038116455078 
    0.0040136054  -0.035614013672 
    0.0040362812  -0.032775878906 
    0.0040589569  -0.029876708984 
    0.0040816327  -0.027313232422 
    0.0041043084  -0.024932861328 
    0.0041269841  -0.023071289062 
    0.0041496599  -0.021881103516 
    0.0041723356  -0.021087646484 
    0.0041950113  -0.020629882812 
    0.0042176871  -0.021453857422 
    0.0042403628  -0.022979736328 
    0.0042630385  -0.025756835938 
    0.0042857143  -0.029510498047 
      0.00430839  -0.033874511719 
    0.0043310658  -0.039001464844 
    0.0043537415  -0.044464111328 
    0.0043764172  -0.049499511719 
     0.004399093  -0.054107666016 
    0.0044217687  -0.057525634766 
    0.0044444444  -0.059509277344 
    0.0044671202  -0.060028076172 
    0.0044897959  -0.058654785156 
    0.0045124717  -0.055480957031 
    0.0045351474  -0.050567626953 
    0.0045578231  -0.043701171875 
    0.0045804989  -0.035308837891 
    0.0046031746  -0.025939941406 
    0.0046258503  -0.016143798828 
    0.0046485261   -0.00634765625 
    0.0046712018  0.0021667480469 
    0.0046938776  0.0090026855469 
    0.0047165533   0.013427734375 
     0.004739229   0.015747070312 
    0.0047619048   0.015014648438 
    0.0047845805   0.011627197266 
    0.0048072562  0.0057678222656 
     0.004829932  -0.0018615722656 
    0.0048526077  -0.010437011719 
    0.0048752834  -0.018890380859 
    0.0048979592    -0.0263671875 
    0.0049206349  -0.032653808594 
    0.0049433107  -0.037261962891 
    0.0049659864  -0.040252685547 
    0.0049886621  -0.041442871094 
    0.0050113379  -0.040496826172 
    0.0050340136  -0.037811279297 
    0.0050566893  -0.033782958984 
    0.0050793651  -0.028533935547 
    0.0051020408  -0.022308349609 
    0.0051247166  -0.015991210938 
    0.0051473923  -0.0094299316406 
     0.005170068  -0.0027465820312 
    0.0051927438  0.0027160644531 
    0.0052154195  0.0070495605469 
    0.0052380952   0.010986328125 
     0.005260771   0.013885498047 
    0.0052834467   0.015228271484 
    0.0053061224   0.015472412109 
    0.0053287982         0.015625 
    0.0053514739   0.015533447266 
    0.0053741497   0.015441894531 
    0.0053968254   0.015594482422 
    0.0054195011   0.015777587891 
    0.0054421769   0.016571044922 
    0.0054648526   0.017517089844 
    0.0054875283   0.018920898438 
    0.0055102041   0.020721435547 
    0.0055328798   0.021728515625 
    0.0055555556   0.021636962891 
    0.0055782313   0.019989013672 
     0.005600907   0.016540527344 
    0.0056235828   0.011169433594 
    0.0056462585  0.0032958984375 
    0.0056689342  -0.0066528320312 
      0.00569161  -0.019012451172 
    0.0057142857  -0.033081054688 
    0.0057369615  -0.048706054688 
    0.0057596372  -0.065246582031 
    0.0057823129  -0.081878662109 
    0.0058049887  -0.096649169922 
    0.0058276644   -0.10830688477 
    0.0058503401   -0.11514282227 
    0.0058730159   -0.11663818359 
    0.0058956916   -0.11309814453 
    0.0059183673   -0.10482788086 
    0.0059410431  -0.092407226562 
    0.0059637188  -0.076751708984 
    0.0059863946  -0.059143066406 
    0.0060090703  -0.039764404297 
     0.006031746  -0.019897460938 
