; Sample Rate 44100
; Channels 1
               0  0.0003662109375 
   2.2675737e-05   0.020202636719 
   4.5351474e-05   0.039245605469 
   6.8027211e-05   0.056762695312 
   9.0702948e-05      0.072265625 
   0.00011337868     0.0849609375 
   0.00013605442   0.095428466797 
   0.00015873016    0.10348510742 
    0.0001814059    0.10922241211 
   0.00020408163    0.11315917969 
   0.00022675737    0.11520385742 
   0.00024943311    0.11517333984 
   0.00027210884    0.11279296875 
   0.00029478458    0.10827636719 
   0.00031746032     0.1012878418 
   0.00034013605   0.092010498047 
   0.00036281179   0.080535888672 
   0.00038548753   0.067077636719 
   0.00040816327   0.052612304688 
     0.000430839   0.038269042969 
   0.00045351474   0.024353027344 
   0.00047619048   0.011932373047 
   0.00049886621  0.0014343261719 
   0.00052154195  -0.0066833496094 
   0.00054421769  -0.012756347656 
   0.00056689342  -0.017272949219 
   0.00058956916  -0.021087646484 
    0.0006122449  -0.024383544922 
   0.00063492063  -0.027435302734 
   0.00065759637  -0.030181884766 
   0.00068027211   -0.03271484375 
   0.00070294785  -0.034912109375 
   0.00072562358  -0.036468505859 
   0.00074829932  -0.036560058594 
   0.00077097506  -0.034088134766 
   0.00079365079  -0.028259277344 
   0.00081632653  -0.018371582031 
   0.00083900227  -0.0036315917969 
     0.000861678   0.015991210938 
   0.00088435374   0.040435791016 
   0.00090702948   0.069213867188 
   0.00092970522    0.10153198242 
   0.00095238095    0.13629150391 
   0.00097505669    0.17266845703 
   0.00099773243    0.20819091797 
    0.0010204082    0.24026489258 
    0.0010430839         0.265625 
    0.0010657596    0.28134155273 
    0.0010884354    0.28561401367 
    0.0011111111    0.27749633789 
    0.0011337868    0.25866699219 
    0.0011564626    0.23001098633 
    0.0011791383    0.19436645508 
    0.0012018141    0.15432739258 
    0.0012244898    0.11322021484 
    0.0012471655   0.073028564453 
    0.0012698413   0.036651611328 
     0.001292517  0.0056762695312 
    0.0013151927  -0.018463134766 
    0.0013378685  -0.034820556641 
    0.0013605442  -0.043640136719 
      0.00138322  -0.045257568359 
    0.0014058957     -0.041015625 
    0.0014285714  -0.031677246094 
    0.0014512472  -0.018127441406 
    0.0014739229  -0.0016174316406 
    0.0014965986   0.016998291016 
    0.0015192744   0.037200927734 
    0.0015419501    0.05712890625 
    0.0015646259    0.07666015625 
    0.0015873016   0.095031738281 
    0.0016099773    0.11196899414 
    0.0016326531    0.12725830078 
    0.0016553288    0.14044189453 
    0.0016780045    0.15093994141 
    0.0017006803    0.15853881836 
     0.001723356     0.1630859375 
    0.0017460317    0.16354370117 
    0.0017687075    0.16000366211 
    0.0017913832    0.15142822266 
     0.001814059    0.13821411133 
    0.0018367347    0.11981201172 
    0.0018594104   0.096038818359 
    0.0018820862   0.067657470703 
    0.0019047619   0.035614013672 
    0.0019274376  0.0018005371094 
    0.0019501134  -0.032257080078 
    0.0019727891  -0.064544677734 
    0.0019954649  -0.092590332031 
    0.0020181406   -0.11505126953 
    0.0020408163   -0.13052368164 
    0.0020634921    -0.1383972168 
    0.0020861678   -0.13912963867 
    0.0021088435    -0.1330871582 
    0.0021315193   -0.12152099609 
     0.002154195    -0.1061706543 
    0.0021768707  -0.088836669922 
    0.0021995465  -0.071014404297 
    0.0022222222  -0.054260253906 
     0.002244898  -0.039123535156 
    0.0022675737  -0.026458740234 
    0.0022902494  -0.015686035156 
    0.0023129252  -0.0077819824219 
    0.0023356009  -0.0022277832031 
    0.0023582766  0.00015258789062 
    0.0023809524  -0.0001220703125 
    0.0024036281  -0.0030517578125 
    0.0024263039  -0.0079040527344 
    0.0024489796  -0.014007568359 
    0.0024716553  -0.019775390625 
    0.0024943311  -0.024658203125 
    0.0025170068  -0.028289794922 
    0.0025396825  -0.029907226562 
    0.0025623583  -0.029174804688 
     0.002585034  -0.026763916016 
    0.0026077098  -0.022766113281 
    0.0026303855  -0.018157958984 
    0.0026530612  -0.013031005859 
     0.002675737  -0.0081481933594 
    0.0026984127  -0.0037841796875 
    0.0027210884  -0.0006103515625 
    0.0027437642  0.00057983398438 
    0.0027664399  -3.0517578125e-05 
    0.0027891156  -0.0034484863281 
    0.0028117914  -0.0093688964844 
    0.0028344671  -0.017547607422 
    0.0028571429  -0.027221679688 
    0.0028798186  -0.038146972656 
    0.0029024943  -0.048919677734 
    0.0029251701  -0.058868408203 
    0.0029478458  -0.067230224609 
    0.0029705215  -0.073669433594 
    0.0029931973  -0.077941894531 
     0.003015873  -0.080047607422 
    0.0030385488  -0.080047607422 
    0.0030612245  -0.078277587891 
    0.0030839002  -0.075286865234 
     0.003106576  -0.071228027344 
    0.0031292517  -0.066955566406 
    0.0031519274          -0.0625 
    0.0031746032   -0.05810546875 
    0.0031972789  -0.053649902344 
    0.0032199546  -0.048706054688 
    0.0032426304  -0.043365478516 
    0.0032653061  -0.037811279297 
    0.0032879819  -0.031677246094 
    0.0033106576     -0.025390625 
    0.0033333333  -0.019226074219 
    0.0033560091  -0.013366699219 
    0.0033786848       -0.0078125 
    0.0034013605  -0.0031433105469 
    0.0034240363  0.00015258789062 
     0.003446712  0.0026245117188 
    0.0034693878  0.0039367675781 
    0.0034920635   0.003662109375 
    0.0035147392  0.0019226074219 
     0.003537415  -0.0015563964844 
    0.0035600907  -0.0062255859375 
    0.0035827664  -0.011474609375 
    0.0036054422  -0.017242431641 
    0.0036281179  -0.023590087891 
    0.0036507937  -0.030792236328 
    0.0036734694  -0.037841796875 
    0.0036961451  -0.044036865234 
    0.0037188209  -0.048522949219 
    0.0037414966  -0.051239013672 
    0.0037641723  -0.051818847656 
    0.0037868481  -0.050933837891 
    0.0038095238  -0.049682617188 
    0.0038321995  -0.048156738281 
    0.0038548753  -0.047058105469 
     0.003877551  -0.046112060547 
    0.0039002268  -0.045104980469 
    0.0039229025  -0.044158935547 
    0.0039455782  -0.042785644531 
     0.003968254  -0.041381835938 
    0.0039909297  -0.039672851562 
    0.0040136054  -0.037567138672 
    0.0040362812  -0.035675048828 
    0.0040589569  -0.033935546875 
    0.0040816327  -0.032257080078 
    0.0041043084  -0.030639648438 
    0.0041269841  -0.029235839844 
    0.0041496599   -0.02783203125 
    0.0041723356  -0.026550292969 
    0.0041950113  -0.025482177734 
    0.0042176871  -0.024932861328 
    0.0042403628  -0.024810791016 
    0.0042630385  -0.026062011719 
    0.0042857143  -0.028533935547 
      0.00430839  -0.032012939453 
    0.0043310658  -0.036437988281 
    0.0043537415  -0.041473388672 
    0.0043764172  -0.046722412109 
     0.004399093  -0.051177978516 
    0.0044217687  -0.055023193359 
    0.0044444444  -0.057373046875 
    0.0044671202  -0.058227539062 
    0.0044897959  -0.057220458984 
    0.0045124717  -0.053955078125 
    0.0045351474  -0.048675537109 
    0.0045578231  -0.041564941406 
    0.0045804989  -0.032592773438 
    0.0046031746  -0.023010253906 
    0.0046258503  -0.013061523438 
    0.0046485261   -0.00341796875 
    0.0046712018  0.0049743652344 
    0.0046938776   0.011535644531 
    0.0047165533   0.015899658203 
     0.004739229   0.017364501953 
    0.0047619048   0.016082763672 
    0.0047845805   0.012115478516 
    0.0048072562  0.0059814453125 
     0.004829932  -0.0016479492188 
    0.0048526077  -0.010314941406 
    0.0048752834  -0.019470214844 
    0.0048979592  -0.028015136719 
    0.0049206349  -0.035125732422 
    0.0049433107  -0.040466308594 
    0.0049659864  -0.043731689453 
    0.0049886621     -0.044921875 
    0.0050113379  -0.043823242188 
    0.0050340136  -0.040832519531 
    0.0050566893   -0.03564453125 
    0.0050793651  -0.029541015625 
    0.0051020408  -0.022979736328 
    0.0051247166  -0.016540527344 
    0.0051473923  -0.010009765625 
     0.005170068  -0.0036926269531 
    0.0051927438  0.0018005371094 
    0.0052154195  0.0062866210938 
    0.0052380952  0.0097351074219 
     0.005260771   0.011840820312 
    0.0052834467   0.013214111328 
    0.0053061224   0.014099121094 
    0.0053287982   0.014404296875 
    0.0053514739   0.014892578125 
    0.0053741497   0.015563964844 
    0.0053968254   0.016235351562 
    0.0054195011   0.016967773438 
    0.0054421769   0.017791748047 
    0.0054648526   0.018859863281 
    0.0054875283   0.020172119141 
    0.0055102041   0.021453857422 
    0.0055328798   0.022277832031 
    0.0055555556   0.022003173828 
    0.0055782313   0.020355224609 
     0.005600907     0.0166015625 
    0.0056235828   0.011016845703 
    0.0056462585  0.0032348632812 
    0.0056689342  -0.0067443847656 
      0.00569161  -0.019104003906 
    0.0057142857  -0.033111572266 
    0.0057369615  -0.049041748047 
    0.0057596372  -0.065704345703 
    0.0057823129  -0.081817626953 
    0.0058049887  -0.095825195312 
    0.0058276644   -0.10595703125 
    0.0058503401   -0.11117553711 
    0.0058730159   -0.11129760742 
    0.0058956916   -0.10696411133 
    0.0059183673  -0.098236083984 
    0.0059410431  -0.085968017578 
    0.0059637188  -0.070892333984 
    0.0059863946  -0.054077148438 
    0.0060090703  -0.036010742188 
     0.006031746  -0.017272949219 
