; Sample Rate 44100
; Channels 1
               0   0.007080078125 
   2.2675737e-05   0.025360107422 
   4.5351474e-05    0.04248046875 
   6.8027211e-05   0.058135986328 
   9.0702948e-05   0.071746826172 
   0.00011337868    0.08349609375 
   0.00013605442   0.092254638672 
   0.00015873016   0.098297119141 
    0.0001814059    0.10195922852 
   0.00020408163    0.10382080078 
   0.00022675737    0.10437011719 
   0.00024943311    0.10369873047 
   0.00027210884    0.10195922852 
   0.00029478458   0.098907470703 
   0.00031746032   0.094848632812 
   0.00034013605   0.089019775391 
   0.00036281179   0.081604003906 
   0.00038548753   0.072631835938 
   0.00040816327   0.062561035156 
     0.000430839     0.0517578125 
   0.00045351474   0.040893554688 
   0.00047619048   0.030700683594 
   0.00049886621      0.021484375 
   0.00052154195   0.012756347656 
   0.00054421769   0.005126953125 
   0.00056689342  -0.0025329589844 
   0.00058956916  -0.010162353516 
    0.0006122449  -0.017608642578 
   0.00063492063  -0.024993896484 
   0.00065759637  -0.032135009766 
   0.00068027211   -0.03857421875 
   0.00070294785  -0.044342041016 
   0.00072562358  -0.049102783203 
   0.00074829932  -0.051849365234 
   0.00077097506  -0.052581787109 
   0.00079365079  -0.050506591797 
   0.00081632653  -0.044708251953 
   0.00083900227  -0.035278320312 
     0.000861678  -0.021301269531 
   0.00088435374  -0.0026550292969 
   0.00090702948    0.02099609375 
   0.00092970522   0.049072265625 
   0.00095238095   0.081237792969 
   0.00097505669     0.1169128418 
   0.00099773243    0.15441894531 
    0.0010204082    0.19171142578 
    0.0010430839    0.22695922852 
    0.0010657596    0.25701904297 
    0.0010884354     0.2785949707 
    0.0011111111    0.28903198242 
    0.0011337868    0.28759765625 
    0.0011564626    0.27383422852 
    0.0011791383    0.24984741211 
    0.0012018141    0.21734619141 
    0.0012244898    0.17932128906 
    0.0012471655    0.13806152344 
    0.0012698413   0.096282958984 
     0.001292517   0.056793212891 
    0.0013151927   0.021270751953 
    0.0013378685  -0.0083312988281 
    0.0013605442  -0.030639648438 
      0.00138322  -0.045196533203 
    0.0014058957  -0.051879882812 
    0.0014285714  -0.051025390625 
    0.0014512472  -0.043151855469 
    0.0014739229  -0.029693603516 
    0.0014965986  -0.011688232422 
    0.0015192744  0.0091857910156 
    0.0015419501   0.031127929688 
    0.0015646259   0.053009033203 
    0.0015873016   0.073974609375 
    0.0016099773   0.093505859375 
    0.0016326531    0.11090087891 
    0.0016553288    0.12594604492 
    0.0016780045    0.13903808594 
    0.0017006803    0.14978027344 
     0.001723356    0.15850830078 
    0.0017460317    0.16442871094 
    0.0017687075    0.16760253906 
    0.0017913832    0.16680908203 
     0.001814059    0.16204833984 
    0.0018367347    0.15277099609 
    0.0018594104     0.1379699707 
    0.0018820862    0.11767578125 
    0.0019047619   0.091522216797 
    0.0019274376   0.060363769531 
    0.0019501134   0.026092529297 
    0.0019727891  -0.0099792480469 
    0.0019954649  -0.045379638672 
    0.0020181406   -0.07763671875 
    0.0020408163   -0.10461425781 
    0.0020634921   -0.12454223633 
    0.0020861678      -0.13671875 
    0.0021088435    -0.1408996582 
    0.0021315193   -0.13793945312 
     0.002154195   -0.12911987305 
    0.0021768707   -0.11581420898 
    0.0021995465  -0.099395751953 
    0.0022222222  -0.081695556641 
     0.002244898  -0.064056396484 
    0.0022675737  -0.047729492188 
    0.0022902494  -0.033386230469 
    0.0023129252  -0.021575927734 
    0.0023356009  -0.012573242188 
    0.0023582766   -0.00634765625 
    0.0023809524  -0.0031433105469 
    0.0024036281  -0.0031127929688 
    0.0024263039  -0.006103515625 
    0.0024489796  -0.011169433594 
    0.0024716553  -0.016967773438 
    0.0024943311  -0.022521972656 
    0.0025170068  -0.027038574219 
    0.0025396825  -0.029571533203 
    0.0025623583  -0.029998779297 
     0.002585034  -0.028564453125 
    0.0026077098  -0.025787353516 
    0.0026303855  -0.022033691406 
    0.0026530612  -0.018157958984 
     0.002675737  -0.014434814453 
    0.0026984127  -0.011962890625 
    0.0027210884  -0.010223388672 
    0.0027437642  -0.0096435546875 
    0.0027664399  -0.010162353516 
    0.0027891156  -0.012420654297 
    0.0028117914  -0.016052246094 
    0.0028344671  -0.021667480469 
    0.0028571429  -0.028625488281 
    0.0028798186  -0.036346435547 
    0.0029024943  -0.044525146484 
    0.0029251701  -0.052429199219 
    0.0029478458  -0.059509277344 
    0.0029705215  -0.065368652344 
    0.0029931973  -0.069854736328 
     0.003015873  -0.072479248047 
    0.0030385488  -0.073974609375 
    0.0030612245  -0.073516845703 
    0.0030839002  -0.072174072266 
     0.003106576  -0.069519042969 
    0.0031292517  -0.065979003906 
    0.0031519274  -0.061614990234 
    0.0031746032  -0.056701660156 
    0.0031972789  -0.051513671875 
    0.0032199546  -0.046020507812 
    0.0032426304  -0.040313720703 
    0.0032653061  -0.034423828125 
    0.0032879819    -0.0283203125 
    0.0033106576  -0.021942138672 
    0.0033333333  -0.015777587891 
    0.0033560091  -0.010162353516 
    0.0033786848    -0.0048828125 
    0.0034013605  -0.00054931640625 
    0.0034240363  0.0028686523438 
     0.003446712  0.0051879882812 
    0.0034693878  0.0060729980469 
    0.0034920635  0.0046691894531 
    0.0035147392  0.0013427734375 
     0.003537415  -0.0038146972656 
    0.0035600907  -0.010345458984 
    0.0035827664  -0.017517089844 
    0.0036054422  -0.024932861328 
    0.0036281179  -0.032135009766 
    0.0036507937  -0.039306640625 
    0.0036734694  -0.045928955078 
    0.0036961451  -0.051696777344 
    0.0037188209  -0.057037353516 
    0.0037414966  -0.060607910156 
    0.0037641723  -0.061981201172 
    0.0037868481  -0.061340332031 
    0.0038095238  -0.058563232422 
    0.0038321995  -0.054046630859 
    0.0038548753  -0.049041748047 
     0.003877551  -0.043640136719 
    0.0039002268  -0.038787841797 
    0.0039229025  -0.034240722656 
    0.0039455782  -0.030639648438 
     0.003968254  -0.027557373047 
    0.0039909297  -0.024688720703 
    0.0040136054   -0.02197265625 
    0.0040362812  -0.019500732422 
    0.0040589569  -0.017425537109 
    0.0040816327  -0.016021728516 
    0.0041043084  -0.015472412109 
    0.0041269841  -0.015747070312 
    0.0041496599  -0.016754150391 
    0.0041723356  -0.019561767578 
    0.0041950113  -0.022613525391 
    0.0042176871  -0.026336669922 
    0.0042403628  -0.030242919922 
    0.0042630385   -0.03466796875 
    0.0042857143  -0.039581298828 
      0.00430839  -0.044860839844 
    0.0043310658  -0.050598144531 
    0.0043537415  -0.055847167969 
    0.0043764172  -0.060729980469 
     0.004399093  -0.065063476562 
    0.0044217687  -0.068237304688 
    0.0044444444  -0.069854736328 
    0.0044671202  -0.069854736328 
    0.0044897959  -0.067993164062 
    0.0045124717  -0.064147949219 
    0.0045351474  -0.058197021484 
    0.0045578231  -0.050384521484 
    0.0045804989  -0.041137695312 
    0.0046031746  -0.030792236328 
    0.0046258503  -0.019927978516 
    0.0046485261  -0.009521484375 
    0.0046712018  -0.00015258789062 
    0.0046938776    0.00830078125 
    0.0047165533   0.014343261719 
     0.004739229   0.018127441406 
    0.0047619048   0.019134521484 
    0.0047845805   0.017272949219 
    0.0048072562   0.013122558594 
     0.004829932  0.0068054199219 
    0.0048526077  -0.000732421875 
    0.0048752834  -0.0089416503906 
    0.0048979592   -0.01708984375 
    0.0049206349  -0.024627685547 
    0.0049433107  -0.030578613281 
    0.0049659864  -0.035217285156 
    0.0049886621  -0.037811279297 
    0.0050113379  -0.038604736328 
    0.0050340136  -0.037445068359 
    0.0050566893  -0.034271240234 
    0.0050793651  -0.029968261719 
    0.0051020408  -0.024291992188 
    0.0051247166  -0.018188476562 
    0.0051473923  -0.011627197266 
     0.005170068  -0.0049133300781 
    0.0051927438  0.0014038085938 
    0.0052154195  0.0067443847656 
    0.0052380952   0.011322021484 
     0.005260771   0.014282226562 
    0.0052834467   0.016510009766 
    0.0053061224   0.017486572266 
    0.0053287982   0.018341064453 
    0.0053514739   0.019073486328 
    0.0053741497   0.019714355469 
    0.0053968254   0.020446777344 
    0.0054195011   0.021118164062 
    0.0054421769   0.021667480469 
    0.0054648526   0.021301269531 
    0.0054875283   0.020843505859 
    0.0055102041   0.020446777344 
    0.0055328798   0.019653320312 
    0.0055555556   0.018096923828 
    0.0055782313   0.015228271484 
     0.005600907   0.011077880859 
    0.0056235828  0.0049438476562 
    0.0056462585  -0.0030212402344 
    0.0056689342  -0.012634277344 
      0.00569161  -0.024200439453 
    0.0057142857  -0.037170410156 
    0.0057369615  -0.051239013672 
    0.0057596372  -0.065582275391 
    0.0057823129  -0.079467773438 
    0.0058049887   -0.09228515625 
    0.0058276644   -0.10232543945 
    0.0058503401   -0.10833740234 
    0.0058730159   -0.10998535156 
    0.0058956916   -0.10675048828 
    0.0059183673  -0.099426269531 
    0.0059410431  -0.088439941406 
    0.0059637188  -0.074462890625 
    0.0059863946  -0.058471679688 
    0.0060090703  -0.040710449219 
     0.006031746  -0.021636962891 
