; Sample Rate 44100
; Channels 1
               0  -0.015502929688 
   2.2675737e-05  0.0039978027344 
   4.5351474e-05   0.023376464844 
   6.8027211e-05   0.041961669922 
   9.0702948e-05   0.058837890625 
   0.00011337868   0.073425292969 
   0.00013605442   0.085418701172 
   0.00015873016   0.095153808594 
    0.0001814059    0.10244750977 
   0.00020408163    0.10784912109 
   0.00022675737      0.111328125 
   0.00024943311       0.11328125 
   0.00027210884    0.11325073242 
   0.00029478458    0.11123657227 
   0.00031746032    0.10659790039 
   0.00034013605   0.099914550781 
   0.00036281179   0.091217041016 
   0.00038548753    0.08056640625 
   0.00040816327   0.068176269531 
     0.000430839   0.054870605469 
   0.00045351474   0.040924072266 
   0.00047619048   0.027069091797 
   0.00049886621   0.014343261719 
   0.00052154195  0.0028381347656 
   0.00054421769  -0.0069274902344 
   0.00056689342  -0.015167236328 
   0.00058956916  -0.022064208984 
    0.0006122449  -0.027862548828 
   0.00063492063  -0.032806396484 
   0.00065759637  -0.037017822266 
   0.00068027211  -0.040374755859 
   0.00070294785  -0.042907714844 
   0.00072562358  -0.044311523438 
   0.00074829932  -0.044219970703 
   0.00077097506  -0.042358398438 
   0.00079365079  -0.037384033203 
   0.00081632653  -0.028778076172 
   0.00083900227  -0.015777587891 
     0.000861678  0.0016784667969 
   0.00088435374   0.023345947266 
   0.00090702948   0.049102783203 
   0.00092970522   0.078582763672 
   0.00095238095    0.11117553711 
   0.00097505669    0.14581298828 
   0.00099773243    0.18133544922 
    0.0010204082    0.21572875977 
    0.0010430839    0.24624633789 
    0.0010657596    0.26956176758 
    0.0010884354    0.28283691406 
    0.0011111111    0.28497314453 
    0.0011337868    0.27593994141 
    0.0011564626    0.25595092773 
    0.0011791383    0.22674560547 
    0.0012018141    0.19036865234 
    0.0012244898    0.14999389648 
    0.0012471655    0.10852050781 
    0.0012698413   0.068237304688 
     0.001292517   0.031768798828 
    0.0013151927  0.00064086914062 
    0.0013378685  -0.023468017578 
    0.0013605442  -0.039764404297 
      0.00138322  -0.048248291016 
    0.0014058957  -0.049591064453 
    0.0014285714  -0.044067382812 
    0.0014512472  -0.032989501953 
    0.0014739229  -0.017364501953 
    0.0014965986    0.00146484375 
    0.0015192744   0.022369384766 
    0.0015419501   0.044281005859 
    0.0015646259   0.066009521484 
    0.0015873016   0.086547851562 
    0.0016099773    0.10525512695 
    0.0016326531    0.12188720703 
    0.0016553288    0.13613891602 
    0.0016780045    0.14770507812 
    0.0017006803    0.15643310547 
     0.001723356    0.16192626953 
    0.0017460317    0.16427612305 
    0.0017687075    0.16271972656 
    0.0017913832    0.15692138672 
     0.001814059    0.14697265625 
    0.0018367347    0.13232421875 
    0.0018594104    0.11346435547 
    0.0018820862   0.090057373047 
    0.0019047619   0.062683105469 
    0.0019274376   0.031951904297 
    0.0019501134  -0.0008544921875 
    0.0019727891  -0.033508300781 
    0.0019954649  -0.064514160156 
    0.0020181406  -0.091369628906 
    0.0020408163   -0.11276245117 
    0.0020634921    -0.1276550293 
    0.0020861678   -0.13543701172 
    0.0021088435    -0.1364440918 
    0.0021315193   -0.13082885742 
     0.002154195    -0.1198425293 
    0.0021768707    -0.1051940918 
    0.0021995465  -0.088409423828 
    0.0022222222  -0.070922851562 
     0.002244898  -0.054290771484 
    0.0022675737  -0.039001464844 
    0.0022902494  -0.025665283203 
    0.0023129252  -0.015075683594 
    0.0023356009  -0.0072021484375 
    0.0023582766  -0.0022888183594 
    0.0023809524  -0.00057983398438 
    0.0024036281  -0.0019226074219 
    0.0024263039  -0.0060119628906 
    0.0024489796  -0.011596679688 
    0.0024716553  -0.017791748047 
    0.0024943311  -0.023315429688 
    0.0025170068  -0.027618408203 
    0.0025396825  -0.030090332031 
    0.0025623583  -0.030639648438 
     0.002585034  -0.029327392578 
    0.0026077098  -0.025909423828 
    0.0026303855  -0.021240234375 
    0.0026530612  -0.015808105469 
     0.002675737  -0.010131835938 
    0.0026984127  -0.0051574707031 
    0.0027210884  -0.00070190429688 
    0.0027437642  0.0022277832031 
    0.0027664399  0.0036926269531 
    0.0027891156  0.0031433105469 
    0.0028117914  6.103515625e-05 
    0.0028344671  -0.0054016113281 
    0.0028571429  -0.013336181641 
    0.0028798186  -0.022918701172 
    0.0029024943  -0.033416748047 
    0.0029251701    -0.0439453125 
    0.0029478458  -0.053894042969 
    0.0029705215  -0.063079833984 
    0.0029931973  -0.070404052734 
     0.003015873  -0.075531005859 
    0.0030385488  -0.078674316406 
    0.0030612245  -0.079498291016 
    0.0030839002   -0.07861328125 
     0.003106576  -0.075775146484 
    0.0031292517  -0.072113037109 
    0.0031519274  -0.068023681641 
    0.0031746032  -0.063873291016 
    0.0031972789  -0.059448242188 
    0.0032199546  -0.055053710938 
    0.0032426304  -0.050445556641 
    0.0032653061  -0.045196533203 
    0.0032879819  -0.039245605469 
    0.0033106576  -0.032958984375 
    0.0033333333  -0.026428222656 
    0.0033560091  -0.019897460938 
    0.0033786848  -0.013732910156 
    0.0034013605  -0.0082397460938 
    0.0034240363  -0.0038757324219 
     0.003446712  -0.00039672851562 
    0.0034693878  0.0016784667969 
    0.0034920635  0.0025634765625 
    0.0035147392  0.0019226074219 
     0.003537415  0.00021362304688 
    0.0035600907  -0.0025329589844 
    0.0035827664  -0.0064086914062 
    0.0036054422  -0.010711669922 
    0.0036281179  -0.015594482422 
    0.0036507937  -0.021148681641 
    0.0036734694  -0.027496337891 
    0.0036961451  -0.034423828125 
    0.0037188209  -0.040832519531 
    0.0037414966  -0.045837402344 
    0.0037641723  -0.048858642578 
    0.0037868481  -0.049957275391 
    0.0038095238  -0.049499511719 
    0.0038321995   -0.04833984375 
    0.0038548753  -0.047149658203 
     0.003877551  -0.045837402344 
    0.0039002268  -0.044738769531 
    0.0039229025  -0.043762207031 
    0.0039455782  -0.042907714844 
     0.003968254    -0.0419921875 
    0.0039909297   -0.04052734375 
    0.0040136054  -0.038940429688 
    0.0040362812  -0.036956787109 
    0.0040589569  -0.035400390625 
    0.0040816327  -0.034027099609 
    0.0041043084  -0.032684326172 
    0.0041269841  -0.031494140625 
    0.0041496599  -0.030334472656 
    0.0041723356  -0.028900146484 
    0.0041950113  -0.027465820312 
    0.0042176871  -0.026458740234 
    0.0042403628  -0.025512695312 
    0.0042630385  -0.025238037109 
    0.0042857143  -0.025848388672 
      0.00430839  -0.027770996094 
    0.0043310658  -0.030700683594 
    0.0043537415  -0.035034179688 
    0.0043764172  -0.040130615234 
     0.004399093  -0.045471191406 
    0.0044217687  -0.050262451172 
    0.0044444444  -0.054504394531 
    0.0044671202  -0.057525634766 
    0.0044897959  -0.058471679688 
    0.0045124717  -0.057250976562 
    0.0045351474  -0.053894042969 
    0.0045578231  -0.048614501953 
    0.0045804989  -0.041107177734 
    0.0046031746  -0.032073974609 
    0.0046258503  -0.022094726562 
    0.0046485261  -0.011688232422 
    0.0046712018  -0.0016784667969 
    0.0046938776     0.0068359375 
    0.0047165533   0.013519287109 
     0.004739229   0.018035888672 
    0.0047619048   0.020050048828 
    0.0047845805   0.018585205078 
    0.0048072562   0.014190673828 
     0.004829932   0.007080078125 
    0.0048526077  -0.0016174316406 
    0.0048752834  -0.011352539062 
    0.0048979592  -0.021301269531 
    0.0049206349  -0.030487060547 
    0.0049433107  -0.038299560547 
    0.0049659864  -0.044281005859 
    0.0049886621  -0.048156738281 
    0.0050113379  -0.049438476562 
    0.0050340136  -0.048370361328 
    0.0050566893  -0.045349121094 
    0.0050793651   -0.04052734375 
    0.0051020408  -0.034515380859 
    0.0051247166  -0.027526855469 
    0.0051473923   -0.02001953125 
     0.005170068  -0.012451171875 
    0.0051927438  -0.0054626464844 
    0.0052154195  0.0011596679688 
    0.0052380952  0.0066528320312 
     0.005260771   0.010955810547 
    0.0052834467   0.013824462891 
    0.0053061224   0.015289306641 
    0.0053287982   0.016265869141 
    0.0053514739   0.016540527344 
    0.0053741497   0.016845703125 
    0.0053968254   0.017700195312 
    0.0054195011   0.017974853516 
    0.0054421769   0.018249511719 
    0.0054648526   0.018646240234 
    0.0054875283   0.019622802734 
    0.0055102041   0.020812988281 
    0.0055328798   0.021789550781 
    0.0055555556   0.022338867188 
    0.0055782313   0.021545410156 
     0.005600907   0.019622802734 
    0.0056235828   0.015533447266 
    0.0056462585    0.00927734375 
    0.0056689342  0.00067138671875 
      0.00569161  -0.0099182128906 
    0.0057142857  -0.022888183594 
    0.0057369615  -0.037658691406 
    0.0057596372  -0.053741455078 
    0.0057823129       -0.0703125 
    0.0058049887  -0.086456298828 
    0.0058276644  -0.099945068359 
    0.0058503401   -0.10873413086 
    0.0058730159   -0.11282348633 
    0.0058956916   -0.11181640625 
    0.0059183673   -0.10614013672 
    0.0059410431  -0.096221923828 
    0.0059637188  -0.083068847656 
    0.0059863946  -0.066986083984 
    0.0060090703  -0.049377441406 
     0.006031746  -0.030883789062 
