; Sample Rate 44100
; Channels 1
               0  0.0018920898438 
   2.2675737e-05   0.021209716797 
   4.5351474e-05   0.039581298828 
   6.8027211e-05   0.056610107422 
   9.0702948e-05   0.071502685547 
   0.00011337868   0.083953857422 
   0.00013605442   0.094146728516 
   0.00015873016    0.10195922852 
    0.0001814059    0.10775756836 
   0.00020408163    0.11181640625 
   0.00022675737    0.11386108398 
   0.00024943311    0.11383056641 
   0.00027210884    0.11187744141 
   0.00029478458    0.10729980469 
   0.00031746032    0.10055541992 
   0.00034013605   0.091278076172 
   0.00036281179   0.079681396484 
   0.00038548753   0.066284179688 
   0.00040816327   0.051696777344 
     0.000430839   0.036682128906 
   0.00045351474   0.022216796875 
   0.00047619048  0.0094299316406 
   0.00049886621  -0.001708984375 
   0.00052154195  -0.010498046875 
   0.00054421769  -0.017669677734 
   0.00056689342  -0.023529052734 
   0.00058956916  -0.028015136719 
    0.0006122449  -0.031890869141 
   0.00063492063  -0.034820556641 
   0.00065759637  -0.037200927734 
   0.00068027211  -0.039398193359 
   0.00070294785  -0.040374755859 
   0.00072562358  -0.040496826172 
   0.00074829932  -0.038726806641 
   0.00077097506  -0.034851074219 
   0.00079365079  -0.027770996094 
   0.00081632653  -0.016815185547 
   0.00083900227  -0.0014953613281 
     0.000861678   0.018341064453 
   0.00088435374   0.042510986328 
   0.00090702948   0.070739746094 
   0.00092970522    0.10263061523 
   0.00095238095    0.13729858398 
   0.00097505669    0.17340087891 
   0.00099773243    0.20904541016 
    0.0010204082    0.24163818359 
    0.0010430839    0.26751708984 
    0.0010657596    0.28338623047 
    0.0010884354    0.28778076172 
    0.0011111111    0.27975463867 
    0.0011337868    0.26092529297 
    0.0011564626    0.23226928711 
    0.0011791383    0.19622802734 
    0.0012018141    0.15548706055 
    0.0012244898    0.11312866211 
    0.0012471655   0.072052001953 
    0.0012698413   0.034790039062 
     0.001292517  0.0027770996094 
    0.0013151927  -0.021759033203 
    0.0013378685  -0.038452148438 
    0.0013605442    -0.0478515625 
      0.00138322  -0.049560546875 
    0.0014058957  -0.044647216797 
    0.0014285714  -0.034759521484 
    0.0014512472  -0.020172119141 
    0.0014739229  -0.0026550292969 
    0.0014965986   0.016784667969 
    0.0015192744    0.03759765625 
    0.0015419501   0.058441162109 
    0.0015646259   0.078491210938 
    0.0015873016   0.097015380859 
    0.0016099773    0.11383056641 
    0.0016326531     0.1286315918 
    0.0016553288    0.14111328125 
    0.0016780045    0.15090942383 
    0.0017006803    0.15777587891 
     0.001723356     0.1614074707 
    0.0017460317    0.16131591797 
    0.0017687075    0.15728759766 
    0.0017913832    0.14883422852 
     0.001814059    0.13543701172 
    0.0018367347    0.11770629883 
    0.0018594104   0.095062255859 
    0.0018820862   0.067932128906 
    0.0019047619   0.037353515625 
    0.0019274376  0.0040588378906 
    0.0019501134  -0.029418945312 
    0.0019727891  -0.061370849609 
    0.0019954649  -0.089538574219 
    0.0020181406   -0.11227416992 
    0.0020408163    -0.1282043457 
    0.0020634921   -0.13717651367 
    0.0020861678   -0.13879394531 
    0.0021088435   -0.13391113281 
    0.0021315193   -0.12313842773 
     0.002154195   -0.10852050781 
    0.0021768707  -0.091491699219 
    0.0021995465  -0.073944091797 
    0.0022222222  -0.057098388672 
     0.002244898  -0.042144775391 
    0.0022675737  -0.029418945312 
    0.0022902494  -0.018463134766 
    0.0023129252  -0.010314941406 
    0.0023356009  -0.005126953125 
    0.0023582766  -0.0028076171875 
    0.0023809524  -0.0035705566406 
    0.0024036281  -0.0069580078125 
    0.0024263039  -0.012268066406 
    0.0024489796  -0.018005371094 
    0.0024716553  -0.024017333984 
    0.0024943311  -0.028594970703 
    0.0025170068  -0.031372070312 
    0.0025396825  -0.032012939453 
    0.0025623583  -0.029846191406 
     0.002585034  -0.026092529297 
    0.0026077098  -0.020965576172 
    0.0026303855  -0.014923095703 
    0.0026530612  -0.0085754394531 
     0.002675737  -0.002197265625 
    0.0026984127  0.0028076171875 
    0.0027210884  0.0065307617188 
    0.0027437642  0.0079650878906 
    0.0027664399  0.0069580078125 
    0.0027891156  0.0028381347656 
    0.0028117914  -0.0039672851562 
    0.0028344671  -0.012847900391 
    0.0028571429  -0.023712158203 
    0.0028798186  -0.034973144531 
    0.0029024943  -0.045776367188 
    0.0029251701  -0.056243896484 
    0.0029478458  -0.065643310547 
    0.0029705215  -0.072998046875 
    0.0029931973  -0.078277587891 
     0.003015873  -0.081420898438 
    0.0030385488  -0.082244873047 
    0.0030612245  -0.081146240234 
    0.0030839002  -0.078399658203 
     0.003106576  -0.074401855469 
    0.0031292517  -0.070007324219 
    0.0031519274  -0.065338134766 
    0.0031746032  -0.060852050781 
    0.0031972789  -0.055908203125 
    0.0032199546  -0.050872802734 
    0.0032426304  -0.045135498047 
    0.0032653061  -0.038879394531 
    0.0032879819  -0.032531738281 
    0.0033106576  -0.026214599609 
    0.0033333333  -0.019958496094 
    0.0033560091  -0.013885498047 
    0.0033786848  -0.0082702636719 
    0.0034013605  -0.0032043457031 
    0.0034240363  0.00094604492188 
     0.003446712  0.0033264160156 
    0.0034693878  0.0050659179688 
    0.0034920635  0.0049743652344 
    0.0035147392  0.0038146972656 
     0.003537415  0.00082397460938 
    0.0035600907  -0.003662109375 
    0.0035827664  -0.0088806152344 
    0.0036054422  -0.014617919922 
    0.0036281179  -0.021545410156 
    0.0036507937  -0.028961181641 
    0.0036734694  -0.036560058594 
    0.0036961451  -0.043395996094 
    0.0037188209  -0.048614501953 
    0.0037414966  -0.051696777344 
    0.0037641723  -0.052703857422 
    0.0037868481  -0.051818847656 
    0.0038095238  -0.050262451172 
    0.0038321995  -0.049102783203 
    0.0038548753  -0.047882080078 
     0.003877551  -0.047119140625 
    0.0039002268  -0.046173095703 
    0.0039229025  -0.045379638672 
    0.0039455782  -0.044616699219 
     0.003968254  -0.043487548828 
    0.0039909297  -0.041839599609 
    0.0040136054  -0.040130615234 
    0.0040362812  -0.038177490234 
    0.0040589569  -0.036224365234 
    0.0040816327  -0.034545898438 
    0.0041043084  -0.033172607422 
    0.0041269841  -0.031799316406 
    0.0041496599  -0.030334472656 
    0.0041723356  -0.028686523438 
    0.0041950113  -0.027679443359 
    0.0042176871  -0.026306152344 
    0.0042403628  -0.025665283203 
    0.0042630385  -0.026031494141 
    0.0042857143  -0.027221679688 
      0.00430839  -0.029724121094 
    0.0043310658  -0.033142089844 
    0.0043537415  -0.037780761719 
    0.0043764172  -0.042541503906 
     0.004399093  -0.047027587891 
    0.0044217687      -0.05078125 
    0.0044444444  -0.053253173828 
    0.0044671202  -0.054626464844 
    0.0044897959  -0.054229736328 
    0.0045124717  -0.051910400391 
    0.0045351474  -0.047424316406 
    0.0045578231  -0.040679931641 
    0.0045804989  -0.032043457031 
    0.0046031746  -0.022369384766 
    0.0046258503  -0.011932373047 
    0.0046485261  -0.0019836425781 
    0.0046712018  0.0068054199219 
    0.0046938776   0.013305664062 
    0.0047165533   0.017883300781 
     0.004739229   0.019470214844 
    0.0047619048   0.018157958984 
    0.0047845805   0.013824462891 
    0.0048072562  0.0066528320312 
     0.004829932  -0.0021362304688 
    0.0048526077  -0.011749267578 
    0.0048752834  -0.021423339844 
    0.0048979592  -0.029754638672 
    0.0049206349  -0.037017822266 
    0.0049433107  -0.041900634766 
    0.0049659864  -0.044555664062 
    0.0049886621  -0.044799804688 
    0.0050113379  -0.043060302734 
    0.0050340136  -0.039215087891 
    0.0050566893  -0.034027099609 
    0.0050793651  -0.027709960938 
    0.0051020408  -0.020843505859 
    0.0051247166  -0.013916015625 
    0.0051473923  -0.0072631835938 
     0.005170068  -0.0013732910156 
    0.0051927438  0.0035705566406 
    0.0052154195  0.0078735351562 
    0.0052380952   0.010681152344 
     0.005260771   0.012359619141 
    0.0052834467   0.013031005859 
    0.0053061224   0.013275146484 
    0.0053287982   0.013641357422 
    0.0053514739   0.013885498047 
    0.0053741497   0.014190673828 
    0.0053968254   0.014739990234 
    0.0054195011   0.015350341797 
    0.0054421769   0.015838623047 
    0.0054648526   0.016845703125 
    0.0054875283   0.018249511719 
    0.0055102041   0.019500732422 
    0.0055328798   0.020294189453 
    0.0055555556   0.020416259766 
    0.0055782313   0.019073486328 
     0.005600907   0.015716552734 
    0.0056235828  0.0097961425781 
    0.0056462585  0.0015869140625 
    0.0056689342  -0.009033203125 
      0.00569161  -0.022033691406 
    0.0057142857  -0.036743164062 
    0.0057369615  -0.052886962891 
    0.0057596372  -0.069396972656 
    0.0057823129  -0.085083007812 
    0.0058049887  -0.098571777344 
    0.0058276644    -0.1076965332 
    0.0058503401   -0.11245727539 
    0.0058730159   -0.11209106445 
    0.0058956916   -0.10705566406 
    0.0059183673  -0.097808837891 
    0.0059410431    -0.0849609375 
    0.0059637188  -0.069610595703 
    0.0059863946     -0.052734375 
    0.0060090703   -0.03466796875 
