; Sample Rate 44100
; Channels 1
               0  -0.0020446777344 
   2.2675737e-05   0.017517089844 
   4.5351474e-05   0.036682128906 
   6.8027211e-05   0.054412841797 
   9.0702948e-05   0.069732666016 
   0.00011337868   0.082183837891 
   0.00013605442   0.091613769531 
   0.00015873016   0.098693847656 
    0.0001814059    0.10308837891 
   0.00020408163    0.10595703125 
   0.00022675737    0.10717773438 
   0.00024943311    0.10711669922 
   0.00027210884    0.10586547852 
   0.00029478458    0.10336303711 
   0.00031746032   0.099334716797 
   0.00034013605   0.093414306641 
   0.00036281179   0.085540771484 
   0.00038548753   0.075866699219 
   0.00040816327   0.064910888672 
     0.000430839   0.053161621094 
   0.00045351474   0.041442871094 
   0.00047619048   0.030120849609 
   0.00049886621   0.019317626953 
   0.00052154195      0.009765625 
   0.00054421769  0.0015869140625 
   0.00056689342  -0.0054321289062 
   0.00058956916  -0.011688232422 
    0.0006122449  -0.017364501953 
   0.00063492063  -0.022735595703 
   0.00065759637  -0.028137207031 
   0.00068027211  -0.033020019531 
   0.00070294785  -0.037719726562 
   0.00072562358  -0.041961669922 
   0.00074829932  -0.045196533203 
   0.00077097506  -0.046630859375 
   0.00079365079  -0.046081542969 
   0.00081632653  -0.041961669922 
   0.00083900227  -0.034301757812 
     0.000861678  -0.022247314453 
   0.00088435374  -0.0055541992188 
   0.00090702948   0.016143798828 
   0.00092970522   0.042358398438 
   0.00095238095   0.073181152344 
   0.00097505669    0.10733032227 
   0.00099773243    0.14419555664 
    0.0010204082    0.18179321289 
    0.0010430839    0.21807861328 
    0.0010657596    0.24963378906 
    0.0010884354    0.27368164062 
    0.0011111111    0.28723144531 
    0.0011337868    0.28894042969 
    0.0011564626    0.27868652344 
    0.0011791383    0.25744628906 
    0.0012018141    0.22784423828 
    0.0012244898    0.19125366211 
    0.0012471655    0.15133666992 
    0.0012698413    0.11004638672 
     0.001292517   0.069793701172 
    0.0013151927   0.033630371094 
    0.0013378685  0.0032043457031 
    0.0013605442  -0.020629882812 
      0.00138322  -0.036895751953 
    0.0014058957  -0.045379638672 
    0.0014285714  -0.046325683594 
    0.0014512472  -0.040649414062 
    0.0014739229  -0.029510498047 
    0.0014965986  -0.013732910156 
    0.0015192744  0.0047607421875 
    0.0015419501   0.024749755859 
    0.0015646259   0.045074462891 
    0.0015873016   0.064727783203 
    0.0016099773   0.082794189453 
    0.0016326531   0.098907470703 
    0.0016553288     0.1130065918 
    0.0016780045     0.1252746582 
    0.0017006803    0.13592529297 
     0.001723356    0.14468383789 
    0.0017460317    0.15145874023 
    0.0017687075    0.15557861328 
    0.0017913832    0.15704345703 
     0.001814059    0.15487670898 
    0.0018367347    0.14834594727 
    0.0018594104    0.13681030273 
    0.0018820862    0.12002563477 
    0.0019047619   0.097778320312 
    0.0019274376   0.070526123047 
    0.0019501134   0.039154052734 
    0.0019727891     0.0048828125 
    0.0019954649  -0.029357910156 
    0.0020181406  -0.061584472656 
    0.0020408163  -0.089599609375 
    0.0020634921   -0.11169433594 
    0.0020861678   -0.12698364258 
    0.0021088435   -0.13485717773 
    0.0021315193   -0.13565063477 
     0.002154195   -0.12997436523 
    0.0021768707   -0.11947631836 
    0.0021995465    -0.1051940918 
    0.0022222222  -0.089019775391 
     0.002244898  -0.072082519531 
    0.0022675737  -0.055816650391 
    0.0022902494  -0.040740966797 
    0.0023129252  -0.027770996094 
    0.0023356009     -0.017578125 
    0.0023582766  -0.010437011719 
    0.0023809524  -0.0065612792969 
    0.0024036281  -0.0057678222656 
    0.0024263039  -0.0082397460938 
    0.0024489796  -0.012786865234 
    0.0024716553  -0.018157958984 
    0.0024943311  -0.023651123047 
    0.0025170068  -0.027862548828 
    0.0025396825  -0.030181884766 
    0.0025623583  -0.030578613281 
     0.002585034  -0.028778076172 
    0.0026077098     -0.025390625 
    0.0026303855  -0.020965576172 
    0.0026530612  -0.016418457031 
     0.002675737  -0.012359619141 
    0.0026984127  -0.0085754394531 
    0.0027210884  -0.005615234375 
    0.0027437642  -0.0036926269531 
    0.0027664399    -0.0029296875 
    0.0027891156  -0.0036926269531 
    0.0028117914  -0.0068969726562 
    0.0028344671  -0.011810302734 
    0.0028571429  -0.018676757812 
    0.0028798186  -0.027038574219 
    0.0029024943  -0.036315917969 
    0.0029251701  -0.045837402344 
    0.0029478458  -0.054412841797 
    0.0029705215  -0.062377929688 
    0.0029931973  -0.068939208984 
     0.003015873  -0.073699951172 
    0.0030385488  -0.076202392578 
    0.0030612245   -0.07666015625 
    0.0030839002  -0.075317382812 
     0.003106576  -0.072601318359 
    0.0031292517  -0.069549560547 
    0.0031519274  -0.065948486328 
    0.0031746032  -0.062377929688 
    0.0031972789  -0.058288574219 
    0.0032199546  -0.053894042969 
    0.0032426304  -0.049591064453 
    0.0032653061  -0.044525146484 
    0.0032879819  -0.038757324219 
    0.0033106576  -0.032135009766 
    0.0033333333  -0.024841308594 
    0.0033560091     -0.017578125 
    0.0033786848  -0.010620117188 
    0.0034013605  -0.0045166015625 
    0.0034240363  0.00094604492188 
     0.003446712  0.0050964355469 
    0.0034693878  0.0075988769531 
    0.0034920635  0.0078430175781 
    0.0035147392  0.0063781738281 
     0.003537415  0.0027770996094 
    0.0035600907  -0.0018615722656 
    0.0035827664  -0.0079345703125 
    0.0036054422  -0.014678955078 
    0.0036281179  -0.021820068359 
    0.0036507937  -0.029357910156 
    0.0036734694  -0.036956787109 
    0.0036961451  -0.044372558594 
    0.0037188209  -0.050994873047 
    0.0037414966  -0.055999755859 
    0.0037641723  -0.058502197266 
    0.0037868481  -0.058746337891 
    0.0038095238  -0.056457519531 
    0.0038321995  -0.052703857422 
    0.0038548753  -0.048675537109 
     0.003877551  -0.044952392578 
    0.0039002268  -0.041748046875 
    0.0039229025  -0.038665771484 
    0.0039455782  -0.035705566406 
     0.003968254  -0.032897949219 
    0.0039909297  -0.030487060547 
    0.0040136054  -0.028167724609 
    0.0040362812  -0.025665283203 
    0.0040589569  -0.023498535156 
    0.0040816327  -0.021667480469 
    0.0041043084  -0.020660400391 
    0.0041269841  -0.020446777344 
    0.0041496599  -0.021087646484 
    0.0041723356  -0.021911621094 
    0.0041950113  -0.022888183594 
    0.0042176871  -0.024627685547 
    0.0042403628  -0.026702880859 
    0.0042630385  -0.029693603516 
    0.0042857143  -0.033447265625 
      0.00430839  -0.037963867188 
    0.0043310658  -0.043151855469 
    0.0043537415  -0.048706054688 
    0.0043764172  -0.054260253906 
     0.004399093  -0.059448242188 
    0.0044217687  -0.063507080078 
    0.0044444444  -0.066131591797 
    0.0044671202  -0.066864013672 
    0.0044897959  -0.066253662109 
    0.0045124717  -0.063629150391 
    0.0045351474   -0.05908203125 
    0.0045578231  -0.052124023438 
    0.0045804989  -0.043273925781 
    0.0046031746  -0.033264160156 
    0.0046258503  -0.022552490234 
    0.0046485261  -0.011932373047 
    0.0046712018  -0.0017395019531 
    0.0046938776  0.0068969726562 
    0.0047165533   0.013488769531 
     0.004739229   0.017395019531 
    0.0047619048   0.018585205078 
    0.0047845805   0.017181396484 
    0.0048072562   0.013427734375 
     0.004829932  0.0074768066406 
    0.0048526077  -0.00027465820312 
    0.0048752834  -0.0086669921875 
    0.0048979592  -0.016998291016 
    0.0049206349  -0.024475097656 
    0.0049433107  -0.030609130859 
    0.0049659864  -0.035034179688 
    0.0049886621  -0.037384033203 
    0.0050113379  -0.037963867188 
    0.0050340136  -0.036712646484 
    0.0050566893  -0.033874511719 
    0.0050793651  -0.029663085938 
    0.0051020408  -0.024932861328 
    0.0051247166  -0.019653320312 
    0.0051473923  -0.013549804688 
     0.005170068  -0.0075073242188 
    0.0051927438  -0.0016479492188 
    0.0052154195  0.0036926269531 
    0.0052380952  0.0076904296875 
     0.005260771   0.011199951172 
    0.0052834467   0.013580322266 
    0.0053061224   0.014984130859 
    0.0053287982   0.016082763672 
    0.0053514739   0.017364501953 
    0.0053741497     0.0185546875 
    0.0053968254   0.019622802734 
    0.0054195011   0.020355224609 
    0.0054421769   0.020690917969 
    0.0054648526   0.021148681641 
    0.0054875283   0.021606445312 
    0.0055102041   0.022094726562 
    0.0055328798   0.022674560547 
    0.0055555556   0.023132324219 
    0.0055782313   0.022125244141 
     0.005600907   0.019378662109 
    0.0056235828   0.014495849609 
    0.0056462585  0.0076904296875 
    0.0056689342  -0.0010375976562 
      0.00569161  -0.012054443359 
    0.0057142857  -0.025238037109 
    0.0057369615  -0.040161132812 
    0.0057596372  -0.056060791016 
    0.0057823129  -0.071960449219 
    0.0058049887  -0.086944580078 
    0.0058276644  -0.099884033203 
    0.0058503401   -0.10928344727 
    0.0058730159   -0.11413574219 
    0.0058956916   -0.11401367188 
    0.0059183673   -0.10900878906 
    0.0059410431  -0.099639892578 
    0.0059637188  -0.086700439453 
    0.0059863946  -0.071105957031 
    0.0060090703  -0.053405761719 
     0.006031746  -0.034057617188 
    0.0060544218  -0.014007568359 
