; Sample Rate 44100
; Channels 1
               0  -0.0095825195312 
   2.2675737e-05  0.0097961425781 
   4.5351474e-05   0.028778076172 
   6.8027211e-05   0.046356201172 
   9.0702948e-05   0.062072753906 
   0.00011337868   0.075744628906 
   0.00013605442   0.087280273438 
   0.00015873016   0.096588134766 
    0.0001814059    0.10382080078 
   0.00020408163    0.10916137695 
   0.00022675737    0.11285400391 
   0.00024943311    0.11511230469 
   0.00027210884    0.11563110352 
   0.00029478458    0.11422729492 
   0.00031746032    0.11099243164 
   0.00034013605    0.10568237305 
   0.00036281179   0.098388671875 
   0.00038548753     0.0888671875 
   0.00040816327   0.077728271484 
     0.000430839   0.065582275391 
   0.00045351474   0.053039550781 
   0.00047619048   0.040374755859 
   0.00049886621    0.02783203125 
   0.00052154195         0.015625 
   0.00054421769  0.0042419433594 
   0.00056689342  -0.0062561035156 
   0.00058956916  -0.015930175781 
    0.0006122449  -0.024780273438 
   0.00063492063  -0.033233642578 
   0.00065759637  -0.040832519531 
   0.00068027211  -0.047454833984 
   0.00070294785  -0.053161621094 
   0.00072562358  -0.057495117188 
   0.00074829932  -0.060394287109 
   0.00077097506  -0.061798095703 
   0.00079365079   -0.06103515625 
   0.00081632653  -0.057464599609 
   0.00083900227  -0.050842285156 
     0.000861678  -0.040802001953 
   0.00088435374  -0.026672363281 
   0.00090702948  -0.008544921875 
   0.00092970522   0.013854980469 
   0.00095238095   0.039855957031 
   0.00097505669   0.069061279297 
   0.00099773243    0.10064697266 
    0.0010204082    0.13363647461 
    0.0010430839    0.16711425781 
    0.0010657596    0.19940185547 
    0.0010884354    0.22833251953 
    0.0011111111    0.25161743164 
    0.0011337868    0.26708984375 
    0.0011564626    0.27337646484 
    0.0011791383    0.26928710938 
    0.0012018141    0.25555419922 
    0.0012244898    0.23287963867 
    0.0012471655    0.20370483398 
    0.0012698413    0.16970825195 
     0.001292517    0.13360595703 
    0.0013151927   0.097229003906 
    0.0013378685   0.062438964844 
    0.0013605442   0.031372070312 
      0.00138322  0.0050048828125 
    0.0014058957  -0.015533447266 
    0.0014285714  -0.029418945312 
    0.0014512472  -0.036560058594 
    0.0014739229  -0.036560058594 
    0.0014965986  -0.030487060547 
    0.0015192744  -0.018859863281 
    0.0015419501  -0.0030212402344 
    0.0015646259   0.015655517578 
    0.0015873016   0.035278320312 
    0.0016099773   0.054992675781 
    0.0016326531   0.073608398438 
    0.0016553288   0.090911865234 
    0.0016780045    0.10675048828 
    0.0017006803    0.12048339844 
     0.001723356    0.13192749023 
    0.0017460317    0.14102172852 
    0.0017687075    0.14770507812 
    0.0017913832    0.15124511719 
     0.001814059    0.15194702148 
    0.0018367347    0.14907836914 
    0.0018594104    0.14340209961 
    0.0018820862    0.13391113281 
    0.0019047619    0.12054443359 
    0.0019274376     0.1028137207 
    0.0019501134   0.080627441406 
    0.0019727891   0.054718017578 
    0.0019954649   0.025115966797 
    0.0020181406  -0.0060119628906 
    0.0020408163  -0.036773681641 
    0.0020634921  -0.064910888672 
    0.0020861678  -0.088592529297 
    0.0021088435   -0.10675048828 
    0.0021315193   -0.11810302734 
     0.002154195   -0.12292480469 
    0.0021768707   -0.12100219727 
    0.0021995465   -0.11340332031 
    0.0022222222   -0.10153198242 
     0.002244898  -0.086883544922 
    0.0022675737  -0.070495605469 
    0.0022902494  -0.054168701172 
    0.0023129252  -0.038970947266 
    0.0023356009  -0.026123046875 
    0.0023582766  -0.016845703125 
    0.0023809524  -0.011291503906 
    0.0024036281  -0.0093383789062 
    0.0024263039   -0.01123046875 
    0.0024489796  -0.016021728516 
    0.0024716553  -0.023406982422 
    0.0024943311  -0.031707763672 
    0.0025170068  -0.039337158203 
    0.0025396825  -0.044982910156 
    0.0025623583  -0.047698974609 
     0.002585034  -0.047821044922 
    0.0026077098   -0.04541015625 
    0.0026303855  -0.040740966797 
    0.0026530612  -0.034790039062 
     0.002675737  -0.028289794922 
    0.0026984127     -0.021484375 
    0.0027210884  -0.015441894531 
    0.0027437642  -0.010467529297 
    0.0027664399  -0.0069274902344 
    0.0027891156    -0.0048828125 
    0.0028117914  -0.0055847167969 
    0.0028344671  -0.0081176757812 
    0.0028571429  -0.012603759766 
    0.0028798186  -0.018463134766 
    0.0029024943  -0.025787353516 
    0.0029251701  -0.033416748047 
    0.0029478458  -0.041351318359 
    0.0029705215  -0.048767089844 
    0.0029931973  -0.055480957031 
     0.003015873  -0.061340332031 
    0.0030385488  -0.065734863281 
    0.0030612245  -0.069183349609 
    0.0030839002  -0.071594238281 
     0.003106576  -0.072875976562 
    0.0031292517  -0.073181152344 
    0.0031519274  -0.072296142578 
    0.0031746032       -0.0703125 
    0.0031972789  -0.067413330078 
    0.0032199546  -0.063262939453 
    0.0032426304  -0.058410644531 
    0.0032653061  -0.052917480469 
    0.0032879819   -0.04638671875 
    0.0033106576  -0.038726806641 
    0.0033333333  -0.030242919922 
    0.0033560091   -0.02099609375 
    0.0033786848  -0.011627197266 
    0.0034013605  -0.0026550292969 
    0.0034240363  0.0054931640625 
     0.003446712    0.01220703125 
    0.0034693878     0.0166015625 
    0.0034920635   0.018890380859 
    0.0035147392   0.018463134766 
     0.003537415   0.016082763672 
    0.0035600907   0.011749267578 
    0.0035827664  0.0056457519531 
    0.0036054422   -0.00146484375 
    0.0036281179  -0.0094909667969 
    0.0036507937  -0.017883300781 
    0.0036734694   -0.02685546875 
    0.0036961451  -0.035797119141 
    0.0037188209  -0.044799804688 
    0.0037414966  -0.053161621094 
    0.0037641723  -0.059265136719 
    0.0037868481  -0.062591552734 
    0.0038095238  -0.062683105469 
    0.0038321995  -0.060272216797 
    0.0038548753  -0.055786132812 
     0.003877551  -0.050384521484 
    0.0039002268  -0.044555664062 
    0.0039229025  -0.038909912109 
    0.0039455782  -0.033721923828 
     0.003968254  -0.028686523438 
    0.0039909297  -0.024108886719 
    0.0040136054  -0.019897460938 
    0.0040362812  -0.016723632812 
    0.0040589569  -0.014343261719 
    0.0040816327  -0.013427734375 
    0.0041043084     -0.013671875 
    0.0041269841  -0.014526367188 
    0.0041496599  -0.016326904297 
    0.0041723356  -0.018737792969 
    0.0041950113  -0.021728515625 
    0.0042176871  -0.024841308594 
    0.0042403628  -0.028137207031 
    0.0042630385  -0.031646728516 
    0.0042857143  -0.035827636719 
      0.00430839  -0.040466308594 
    0.0043310658  -0.046173095703 
    0.0043537415  -0.052001953125 
    0.0043764172  -0.058380126953 
     0.004399093     -0.064453125 
    0.0044217687   -0.06982421875 
    0.0044444444  -0.073944091797 
    0.0044671202  -0.076568603516 
    0.0044897959  -0.077056884766 
    0.0045124717  -0.075439453125 
    0.0045351474  -0.071807861328 
    0.0045578231  -0.065765380859 
    0.0045804989  -0.057220458984 
    0.0046031746  -0.046539306641 
    0.0046258503  -0.034484863281 
    0.0046485261  -0.022186279297 
    0.0046712018  -0.0098876953125 
    0.0046938776  0.0013427734375 
    0.0047165533   0.010711669922 
     0.004739229   0.017547607422 
    0.0047619048   0.022369384766 
    0.0047845805   0.023864746094 
    0.0048072562   0.022613525391 
     0.004829932   0.018005371094 
    0.0048526077   0.011322021484 
    0.0048752834     0.0029296875 
    0.0048979592  -0.0064697265625 
    0.0049206349  -0.015838623047 
    0.0049433107  -0.024597167969 
    0.0049659864  -0.032165527344 
    0.0049886621  -0.037811279297 
    0.0050113379  -0.041351318359 
    0.0050340136  -0.042602539062 
    0.0050566893  -0.041900634766 
    0.0050793651  -0.039245605469 
    0.0051020408  -0.035125732422 
    0.0051247166  -0.030029296875 
    0.0051473923  -0.023864746094 
     0.005170068  -0.017059326172 
    0.0051927438  -0.010162353516 
    0.0052154195  -0.0032653808594 
    0.0052380952  0.0028381347656 
     0.005260771    0.00830078125 
    0.0052834467   0.012176513672 
    0.0053061224   0.014953613281 
    0.0053287982   0.017242431641 
    0.0053514739   0.018676757812 
    0.0053741497   0.020294189453 
    0.0053968254   0.022064208984 
    0.0054195011   0.023559570312 
    0.0054421769   0.024780273438 
    0.0054648526   0.025848388672 
    0.0054875283   0.026214599609 
    0.0055102041   0.026641845703 
    0.0055328798   0.026672363281 
    0.0055555556   0.026153564453 
    0.0055782313   0.024475097656 
     0.005600907   0.021545410156 
    0.0056235828   0.016662597656 
    0.0056462585  0.0097045898438 
    0.0056689342  0.00091552734375 
      0.00569161  -0.0098876953125 
    0.0057142857  -0.022644042969 
    0.0057369615  -0.037017822266 
    0.0057596372  -0.052215576172 
    0.0057823129  -0.067779541016 
    0.0058049887  -0.082550048828 
    0.0058276644  -0.095642089844 
    0.0058503401   -0.10583496094 
    0.0058730159   -0.11199951172 
    0.0058956916   -0.11376953125 
    0.0059183673   -0.11071777344 
    0.0059410431   -0.10333251953 
    0.0059637188  -0.092590332031 
    0.0059863946  -0.079254150391 
    0.0060090703  -0.063659667969 
     0.006031746  -0.046691894531 
    0.0060544218  -0.028503417969 
