; Sample Rate 44100
; Channels 1
               0  -0.0040283203125 
   2.2675737e-05   0.012817382812 
   4.5351474e-05   0.029022216797 
   6.8027211e-05   0.044555664062 
   9.0702948e-05   0.058502197266 
   0.00011337868   0.070129394531 
   0.00013605442   0.079956054688 
   0.00015873016   0.087524414062 
    0.0001814059   0.093292236328 
   0.00020408163   0.097259521484 
   0.00022675737   0.099426269531 
   0.00024943311    0.10025024414 
   0.00027210884   0.099395751953 
   0.00029478458   0.097137451172 
   0.00031746032   0.093475341797 
   0.00034013605   0.088623046875 
   0.00036281179   0.082885742188 
   0.00038548753   0.076232910156 
   0.00040816327   0.068664550781 
     0.000430839   0.060729980469 
   0.00045351474      0.052734375 
   0.00047619048   0.044677734375 
   0.00049886621   0.037170410156 
   0.00052154195   0.030303955078 
   0.00054421769   0.023620605469 
   0.00056689342   0.016998291016 
   0.00058956916   0.010070800781 
    0.0006122449  0.0023803710938 
   0.00063492063  -0.0065307617188 
   0.00065759637  -0.016143798828 
   0.00068027211  -0.026123046875 
   0.00070294785  -0.035583496094 
   0.00072562358  -0.044525146484 
   0.00074829932  -0.052307128906 
   0.00077097506  -0.058197021484 
   0.00079365079  -0.062042236328 
   0.00081632653  -0.062438964844 
   0.00083900227  -0.058898925781 
     0.000861678  -0.050659179688 
   0.00088435374  -0.037719726562 
   0.00090702948  -0.020172119141 
   0.00092970522  0.0019836425781 
   0.00095238095   0.028717041016 
   0.00097505669   0.059143066406 
   0.00099773243   0.092193603516 
    0.0010204082    0.12719726562 
    0.0010430839    0.16259765625 
    0.0010657596    0.19665527344 
    0.0010884354    0.22747802734 
    0.0011111111    0.25207519531 
    0.0011337868     0.2682800293 
    0.0011564626    0.27450561523 
    0.0011791383    0.27069091797 
    0.0012018141    0.25708007812 
    0.0012244898    0.23495483398 
    0.0012471655    0.20602416992 
    0.0012698413    0.17196655273 
     0.001292517    0.13543701172 
    0.0013151927   0.098266601562 
    0.0013378685   0.063079833984 
    0.0013605442   0.031372070312 
      0.00138322  0.0042419433594 
    0.0014058957  -0.016906738281 
    0.0014285714  -0.031524658203 
    0.0014512472  -0.039459228516 
    0.0014739229  -0.040740966797 
    0.0014965986  -0.036285400391 
    0.0015192744  -0.026885986328 
    0.0015419501  -0.013488769531 
    0.0015646259  0.0023803710938 
    0.0015873016   0.019714355469 
    0.0016099773   0.036834716797 
    0.0016326531   0.053497314453 
    0.0016553288   0.069458007812 
    0.0016780045   0.084320068359 
    0.0017006803   0.097900390625 
     0.001723356    0.11044311523 
    0.0017460317    0.12103271484 
    0.0017687075    0.13006591797 
    0.0017913832    0.13665771484 
     0.001814059    0.14105224609 
    0.0018367347    0.14215087891 
    0.0018594104    0.13943481445 
    0.0018820862    0.13293457031 
    0.0019047619    0.12173461914 
    0.0019274376    0.10543823242 
    0.0019501134      0.083984375 
    0.0019727891   0.057739257812 
    0.0019954649   0.028015136719 
    0.0020181406      -0.00390625 
    0.0020408163  -0.035034179688 
    0.0020634921  -0.063323974609 
    0.0020861678  -0.087188720703 
    0.0021088435   -0.10513305664 
    0.0021315193   -0.11633300781 
     0.002154195   -0.12075805664 
    0.0021768707   -0.11889648438 
    0.0021995465   -0.11166381836 
    0.0022222222   -0.10052490234 
     0.002244898  -0.086730957031 
    0.0022675737  -0.071746826172 
    0.0022902494  -0.056854248047 
    0.0023129252  -0.043487548828 
    0.0023356009  -0.032104492188 
    0.0023582766  -0.023284912109 
    0.0023809524  -0.017486572266 
    0.0024036281  -0.014831542969 
    0.0024263039  -0.014892578125 
    0.0024489796  -0.017456054688 
    0.0024716553  -0.021911621094 
    0.0024943311  -0.027282714844 
    0.0025170068  -0.032165527344 
    0.0025396825    -0.0361328125 
    0.0025623583  -0.038360595703 
     0.002585034  -0.038604736328 
    0.0026077098  -0.037170410156 
    0.0026303855  -0.034271240234 
    0.0026530612  -0.030303955078 
     0.002675737  -0.025817871094 
    0.0026984127  -0.021392822266 
    0.0027210884  -0.017425537109 
    0.0027437642  -0.014465332031 
    0.0027664399  -0.012786865234 
    0.0027891156  -0.012908935547 
    0.0028117914  -0.014434814453 
    0.0028344671  -0.017486572266 
    0.0028571429  -0.022155761719 
    0.0028798186   -0.02783203125 
    0.0029024943  -0.034362792969 
    0.0029251701   -0.04052734375 
    0.0029478458  -0.046051025391 
    0.0029705215  -0.050750732422 
    0.0029931973  -0.054504394531 
     0.003015873  -0.057403564453 
    0.0030385488  -0.059722900391 
    0.0030612245  -0.060943603516 
    0.0030839002  -0.061462402344 
     0.003106576  -0.061370849609 
    0.0031292517  -0.060852050781 
    0.0031519274  -0.059967041016 
    0.0031746032  -0.058563232422 
    0.0031972789  -0.056945800781 
    0.0032199546  -0.054473876953 
    0.0032426304  -0.051483154297 
    0.0032653061   -0.04736328125 
    0.0032879819  -0.042144775391 
    0.0033106576  -0.036254882812 
    0.0033333333     -0.029296875 
    0.0033560091  -0.021820068359 
    0.0033786848  -0.014251708984 
    0.0034013605  -0.0067138671875 
    0.0034240363  9.1552734375e-05 
     0.003446712  0.0058288574219 
    0.0034693878   0.010040283203 
    0.0034920635   0.012237548828 
    0.0035147392   0.012390136719 
     0.003537415   0.010467529297 
    0.0035600907  0.0065307617188 
    0.0035827664  0.0015258789062 
    0.0036054422  -0.0050048828125 
    0.0036281179  -0.012084960938 
    0.0036507937  -0.019683837891 
    0.0036734694  -0.027069091797 
    0.0036961451  -0.034515380859 
    0.0037188209  -0.041931152344 
    0.0037414966  -0.048400878906 
    0.0037641723  -0.053405761719 
    0.0037868481  -0.055419921875 
    0.0038095238  -0.054748535156 
    0.0038321995  -0.051666259766 
    0.0038548753  -0.047424316406 
     0.003877551      -0.04296875 
    0.0039002268  -0.038421630859 
    0.0039229025  -0.033843994141 
    0.0039455782  -0.029541015625 
     0.003968254  -0.025634765625 
    0.0039909297  -0.022064208984 
    0.0040136054  -0.018920898438 
    0.0040362812  -0.016662597656 
    0.0040589569  -0.015075683594 
    0.0040816327  -0.014434814453 
    0.0041043084    -0.0146484375 
    0.0041269841  -0.016143798828 
    0.0041496599    -0.0185546875 
    0.0041723356  -0.021789550781 
    0.0041950113  -0.024963378906 
    0.0042176871  -0.029113769531 
    0.0042403628  -0.033569335938 
    0.0042630385  -0.038391113281 
    0.0042857143  -0.042907714844 
      0.00430839  -0.047424316406 
    0.0043310658  -0.051300048828 
    0.0043537415  -0.054473876953 
    0.0043764172  -0.057464599609 
     0.004399093  -0.060241699219 
    0.0044217687  -0.062194824219 
    0.0044444444  -0.063201904297 
    0.0044671202    -0.0634765625 
    0.0044897959  -0.062652587891 
    0.0045124717  -0.060455322266 
    0.0045351474  -0.057373046875 
    0.0045578231  -0.053009033203 
    0.0045804989  -0.047454833984 
    0.0046031746  -0.040283203125 
    0.0046258503  -0.032653808594 
    0.0046485261  -0.024871826172 
    0.0046712018  -0.016937255859 
    0.0046938776  -0.0097351074219 
    0.0047165533  -0.0032958984375 
     0.004739229  0.0016479492188 
    0.0047619048  0.0050354003906 
    0.0047845805  0.0065307617188 
    0.0048072562  0.0059204101562 
     0.004829932  0.0031433105469 
    0.0048526077  -0.0010986328125 
    0.0048752834  -0.0062561035156 
    0.0048979592  -0.011474609375 
    0.0049206349  -0.016754150391 
    0.0049433107  -0.021423339844 
    0.0049659864  -0.025451660156 
    0.0049886621  -0.028259277344 
    0.0050113379  -0.030090332031 
    0.0050340136  -0.030151367188 
    0.0050566893  -0.028869628906 
    0.0050793651  -0.026336669922 
    0.0051020408  -0.022796630859 
    0.0051247166  -0.018646240234 
    0.0051473923  -0.013977050781 
     0.005170068  -0.0090942382812 
    0.0051927438  -0.0042419433594 
    0.0052154195  0.00082397460938 
    0.0052380952  0.0053100585938 
     0.005260771  0.0097045898438 
    0.0052834467   0.012969970703 
    0.0053061224   0.015258789062 
    0.0053287982   0.016571044922 
    0.0053514739   0.017669677734 
    0.0053741497   0.018890380859 
    0.0053968254    0.02001953125 
    0.0054195011   0.020782470703 
    0.0054421769   0.021026611328 
    0.0054648526   0.020599365234 
    0.0054875283   0.019683837891 
    0.0055102041   0.018798828125 
    0.0055328798    0.01806640625 
    0.0055555556   0.016876220703 
    0.0055782313   0.015472412109 
     0.005600907   0.013031005859 
    0.0056235828  0.0096740722656 
    0.0056462585  0.0047912597656 
    0.0056689342  -0.0018310546875 
      0.00569161  -0.010192871094 
    0.0057142857  -0.019927978516 
    0.0057369615  -0.030914306641 
    0.0057596372  -0.043029785156 
    0.0057823129  -0.055541992188 
    0.0058049887  -0.067901611328 
    0.0058276644  -0.079467773438 
    0.0058503401  -0.088714599609 
    0.0058730159  -0.094818115234 
    0.0058956916  -0.097076416016 
    0.0059183673  -0.095123291016 
    0.0059410431  -0.089782714844 
    0.0059637188  -0.080444335938 
    0.0059863946  -0.068328857422 
    0.0060090703  -0.053924560547 
     0.006031746  -0.038360595703 
    0.0060544218  -0.021820068359 
