; Sample Rate 44100
; Channels 1
               0  0.0067443847656 
   2.2675737e-05   0.024749755859 
   4.5351474e-05   0.041900634766 
   6.8027211e-05   0.057525634766 
   9.0702948e-05   0.071105957031 
   0.00011337868   0.082305908203 
   0.00013605442   0.090789794922 
   0.00015873016     0.0966796875 
    0.0001814059    0.10034179688 
   0.00020408163    0.10266113281 
   0.00022675737    0.10308837891 
   0.00024943311    0.10223388672 
   0.00027210884    0.10055541992 
   0.00029478458   0.097717285156 
   0.00031746032   0.093719482422 
   0.00034013605   0.088775634766 
   0.00036281179   0.082763671875 
   0.00038548753   0.075897216797 
   0.00040816327   0.068603515625 
     0.000430839   0.061401367188 
   0.00045351474   0.054260253906 
   0.00047619048   0.047821044922 
   0.00049886621   0.041381835938 
   0.00052154195   0.034942626953 
   0.00054421769   0.028015136719 
   0.00056689342   0.020446777344 
   0.00058956916   0.011871337891 
    0.0006122449   0.002685546875 
   0.00063492063  -0.0074462890625 
   0.00065759637  -0.018402099609 
   0.00068027211  -0.029327392578 
   0.00070294785  -0.039581298828 
   0.00072562358     -0.048828125 
   0.00074829932  -0.056457519531 
   0.00077097506  -0.061798095703 
   0.00079365079  -0.064208984375 
   0.00081632653  -0.063873291016 
   0.00083900227  -0.060424804688 
     0.000861678  -0.053436279297 
   0.00088435374  -0.042114257812 
   0.00090702948  -0.026733398438 
   0.00092970522  -0.0072326660156 
   0.00095238095   0.016326904297 
   0.00097505669   0.043090820312 
   0.00099773243   0.073059082031 
    0.0010204082     0.1047668457 
    0.0010430839    0.13711547852 
    0.0010657596     0.1692199707 
    0.0010884354    0.20007324219 
    0.0011111111    0.22775268555 
    0.0011337868    0.24996948242 
    0.0011564626    0.26458740234 
    0.0011791383    0.27017211914 
    0.0012018141    0.26611328125 
    0.0012244898    0.25271606445 
    0.0012471655    0.23138427734 
    0.0012698413     0.2033996582 
     0.001292517    0.17056274414 
    0.0013151927    0.13513183594 
    0.0013378685   0.099426269531 
    0.0013605442   0.065216064453 
      0.00138322   0.034851074219 
    0.0014058957  0.0094604492188 
    0.0014285714  -0.010437011719 
    0.0014512472   -0.02392578125 
    0.0014739229  -0.030242919922 
    0.0014965986  -0.030639648438 
    0.0015192744  -0.025360107422 
    0.0015419501        -0.015625 
    0.0015646259  -0.0029602050781 
    0.0015873016   0.011413574219 
    0.0016099773    0.02587890625 
    0.0016326531   0.040710449219 
    0.0016553288   0.055236816406 
    0.0016780045   0.069305419922 
    0.0017006803   0.082946777344 
     0.001723356   0.095947265625 
    0.0017460317    0.10781860352 
    0.0017687075    0.11840820312 
    0.0017913832    0.12716674805 
     0.001814059     0.1337890625 
    0.0018367347    0.13778686523 
    0.0018594104    0.13824462891 
    0.0018820862    0.13488769531 
    0.0019047619    0.12698364258 
    0.0019274376    0.11395263672 
    0.0019501134   0.095977783203 
    0.0019727891   0.072998046875 
    0.0019954649   0.046234130859 
    0.0020181406   0.017211914062 
    0.0020408163  -0.012176513672 
    0.0020634921  -0.039733886719 
    0.0020861678  -0.064270019531 
    0.0021088435  -0.084197998047 
    0.0021315193    -0.0986328125 
     0.002154195   -0.10668945312 
    0.0021768707    -0.1091003418 
    0.0021995465   -0.10589599609 
    0.0022222222  -0.097778320312 
     0.002244898  -0.086608886719 
    0.0022675737  -0.073760986328 
    0.0022902494  -0.060333251953 
    0.0023129252  -0.047973632812 
    0.0023356009  -0.037536621094 
    0.0023582766  -0.029541015625 
    0.0023809524  -0.024139404297 
    0.0024036281  -0.021881103516 
    0.0024263039  -0.022155761719 
    0.0024489796  -0.024627685547 
    0.0024716553  -0.028625488281 
    0.0024943311  -0.033111572266 
    0.0025170068  -0.037414550781 
    0.0025396825  -0.040771484375 
    0.0025623583  -0.042633056641 
     0.002585034  -0.043151855469 
    0.0026077098  -0.042266845703 
    0.0026303855   -0.04052734375 
    0.0026530612  -0.038208007812 
     0.002675737  -0.035797119141 
    0.0026984127  -0.033264160156 
    0.0027210884  -0.030609130859 
    0.0027437642  -0.028228759766 
    0.0027664399  -0.026580810547 
    0.0027891156  -0.025726318359 
    0.0028117914  -0.026214599609 
    0.0028344671  -0.027709960938 
    0.0028571429  -0.030456542969 
    0.0028798186  -0.034027099609 
    0.0029024943  -0.038116455078 
    0.0029251701  -0.042510986328 
    0.0029478458  -0.046661376953 
    0.0029705215  -0.050018310547 
    0.0029931973  -0.052703857422 
     0.003015873       -0.0546875 
    0.0030385488  -0.056243896484 
    0.0030612245  -0.057525634766 
    0.0030839002  -0.058898925781 
     0.003106576  -0.059661865234 
    0.0031292517  -0.059997558594 
    0.0031519274  -0.059478759766 
    0.0031746032  -0.058441162109 
    0.0031972789  -0.056457519531 
    0.0032199546  -0.053497314453 
    0.0032426304  -0.049530029297 
    0.0032653061  -0.044342041016 
    0.0032879819  -0.037872314453 
    0.0033106576  -0.030914306641 
    0.0033333333  -0.023010253906 
    0.0033560091  -0.014892578125 
    0.0033786848  -0.0063781738281 
    0.0034013605  0.0017395019531 
    0.0034240363  0.0092163085938 
     0.003446712   0.014953613281 
    0.0034693878   0.018646240234 
    0.0034920635   0.019439697266 
    0.0035147392   0.018280029297 
     0.003537415   0.014129638672 
    0.0035600907    0.00830078125 
    0.0035827664  0.00064086914062 
    0.0036054422  -0.0079956054688 
    0.0036281179  -0.016387939453 
    0.0036507937  -0.024475097656 
    0.0036734694  -0.032257080078 
    0.0036961451  -0.039825439453 
    0.0037188209  -0.047607421875 
    0.0037414966  -0.053955078125 
    0.0037641723  -0.059143066406 
    0.0037868481  -0.061798095703 
    0.0038095238  -0.061584472656 
    0.0038321995  -0.059112548828 
    0.0038548753  -0.054595947266 
     0.003877551  -0.048675537109 
    0.0039002268  -0.042541503906 
    0.0039229025  -0.036041259766 
    0.0039455782  -0.029418945312 
     0.003968254   -0.02294921875 
    0.0039909297  -0.016754150391 
    0.0040136054  -0.011016845703 
    0.0040362812  -0.0066528320312 
    0.0040589569  -0.0037231445312 
    0.0040816327  -0.0022888183594 
    0.0041043084  -0.0029907226562 
    0.0041269841  -0.0054626464844 
    0.0041496599  -0.0097351074219 
    0.0041723356  -0.015106201172 
    0.0041950113  -0.021362304688 
    0.0042176871  -0.028503417969 
    0.0042403628  -0.035522460938 
    0.0042630385  -0.042510986328 
    0.0042857143  -0.049102783203 
      0.00430839  -0.054656982422 
    0.0043310658  -0.059814453125 
    0.0043537415  -0.064300537109 
    0.0043764172  -0.067810058594 
     0.004399093  -0.070159912109 
    0.0044217687  -0.071655273438 
    0.0044444444  -0.071533203125 
    0.0044671202  -0.070617675781 
    0.0044897959  -0.068298339844 
    0.0045124717  -0.065124511719 
    0.0045351474  -0.060791015625 
    0.0045578231  -0.055480957031 
    0.0045804989  -0.049041748047 
    0.0046031746  -0.041870117188 
    0.0046258503  -0.033874511719 
    0.0046485261  -0.025329589844 
    0.0046712018  -0.017425537109 
    0.0046938776  -0.0099792480469 
    0.0047165533  -0.0038757324219 
     0.004739229  0.0010375976562 
    0.0047619048  0.0047607421875 
    0.0047845805  0.0059509277344 
    0.0048072562  0.0055236816406 
     0.004829932  0.0032348632812 
    0.0048526077  -0.00033569335938 
    0.0048752834  -0.0053100585938 
    0.0048979592  -0.010650634766 
    0.0049206349  -0.016448974609 
    0.0049433107  -0.022094726562 
    0.0049659864  -0.026763916016 
    0.0049886621  -0.030181884766 
    0.0050113379  -0.031829833984 
    0.0050340136   -0.03173828125 
    0.0050566893  -0.030120849609 
    0.0050793651  -0.027191162109 
    0.0051020408  -0.023284912109 
    0.0051247166  -0.018371582031 
    0.0051473923  -0.013214111328 
     0.005170068  -0.0077514648438 
    0.0051927438  -0.0025329589844 
    0.0052154195  0.0028076171875 
    0.0052380952  0.0079956054688 
     0.005260771   0.012603759766 
    0.0052834467   0.016082763672 
    0.0053061224   0.018951416016 
    0.0053287982   0.021209716797 
    0.0053514739   0.023254394531 
    0.0053741497   0.025573730469 
    0.0053968254   0.027709960938 
    0.0054195011   0.028656005859 
    0.0054421769   0.028442382812 
    0.0054648526   0.027160644531 
    0.0054875283   0.024932861328 
    0.0055102041   0.022277832031 
    0.0055328798   0.019104003906 
    0.0055555556   0.015716552734 
    0.0055782313   0.011535644531 
     0.005600907  0.0064086914062 
    0.0056235828  0.00088500976562 
    0.0056462585  -0.0064697265625 
    0.0056689342  -0.015258789062 
      0.00569161  -0.025451660156 
    0.0057142857  -0.036102294922 
    0.0057369615  -0.047546386719 
    0.0057596372  -0.059051513672 
    0.0057823129  -0.070251464844 
    0.0058049887  -0.080810546875 
    0.0058276644  -0.089660644531 
    0.0058503401  -0.096405029297 
    0.0058730159   -0.10025024414 
    0.0058956916   -0.10015869141 
    0.0059183673  -0.095947265625 
    0.0059410431  -0.088439941406 
    0.0059637188  -0.077545166016 
    0.0059863946  -0.064270019531 
    0.0060090703  -0.049011230469 
     0.006031746  -0.033050537109 
    0.0060544218  -0.016235351562 
