; Sample Rate 44100
; Channels 1
               0  -0.019592285156 
   2.2675737e-05  -0.0030822753906 
   4.5351474e-05   0.013519287109 
   6.8027211e-05      0.029296875 
   9.0702948e-05   0.044586181641 
   0.00011337868   0.058197021484 
   0.00013605442   0.069854736328 
   0.00015873016   0.079071044922 
    0.0001814059        0.0859375 
   0.00020408163   0.090667724609 
   0.00022675737   0.093719482422 
   0.00024943311    0.09521484375 
   0.00027210884   0.095306396484 
   0.00029478458   0.093994140625 
   0.00031746032   0.091064453125 
   0.00034013605   0.086822509766 
   0.00036281179   0.081665039062 
   0.00038548753   0.076049804688 
   0.00040816327   0.070281982422 
     0.000430839   0.064483642578 
   0.00045351474   0.058349609375 
   0.00047619048   0.051971435547 
   0.00049886621   0.045776367188 
   0.00052154195   0.039825439453 
   0.00054421769   0.034545898438 
   0.00056689342   0.029205322266 
   0.00058956916   0.023681640625 
    0.0006122449      0.017578125 
   0.00063492063   0.010528564453 
   0.00065759637  0.0028991699219 
   0.00068027211  -0.0061950683594 
   0.00070294785  -0.016082763672 
   0.00072562358  -0.026336669922 
   0.00074829932  -0.036041259766 
   0.00077097506  -0.044616699219 
   0.00079365079  -0.051452636719 
   0.00081632653  -0.056243896484 
   0.00083900227  -0.057708740234 
     0.000861678  -0.055297851562 
   0.00088435374  -0.048126220703 
   0.00090702948  -0.035858154297 
   0.00092970522  -0.018646240234 
   0.00095238095  0.0029602050781 
   0.00097505669   0.028747558594 
   0.00099773243   0.058502197266 
    0.0010204082   0.091125488281 
    0.0010430839    0.12573242188 
    0.0010657596    0.16079711914 
    0.0010884354    0.19448852539 
    0.0011111111      0.224609375 
    0.0011337868    0.24865722656 
    0.0011564626    0.26406860352 
    0.0011791383    0.26965332031 
    0.0012018141    0.26519775391 
    0.0012244898    0.25143432617 
    0.0012471655    0.22933959961 
    0.0012698413     0.2001953125 
     0.001292517    0.16638183594 
    0.0013151927    0.12951660156 
    0.0013378685   0.092620849609 
    0.0013605442   0.057373046875 
      0.00138322   0.026062011719 
    0.0014058957  -0.00079345703125 
    0.0014285714  -0.021545410156 
    0.0014512472  -0.035858154297 
    0.0014739229  -0.043426513672 
    0.0014965986  -0.044525146484 
    0.0015192744  -0.039489746094 
    0.0015419501  -0.029510498047 
    0.0015646259  -0.015258789062 
    0.0015873016  0.0015563964844 
    0.0016099773   0.020172119141 
    0.0016326531   0.039154052734 
    0.0016553288   0.057739257812 
    0.0016780045   0.075134277344 
    0.0017006803   0.091583251953 
     0.001723356    0.10653686523 
    0.0017460317    0.11975097656 
    0.0017687075    0.13110351562 
    0.0017913832    0.14028930664 
     0.001814059    0.14669799805 
    0.0018367347    0.14962768555 
    0.0018594104    0.14916992188 
    0.0018820862    0.14431762695 
    0.0019047619    0.13519287109 
    0.0019274376    0.12152099609 
    0.0019501134    0.10296630859 
    0.0019727891   0.079803466797 
    0.0019954649   0.052154541016 
    0.0020181406   0.021453857422 
    0.0020408163  -0.010406494141 
    0.0020634921  -0.041046142578 
    0.0020861678  -0.069030761719 
    0.0021088435  -0.092102050781 
    0.0021315193   -0.10900878906 
     0.002154195   -0.11944580078 
    0.0021768707   -0.12326049805 
    0.0021995465   -0.12106323242 
    0.0022222222   -0.11340332031 
     0.002244898   -0.10171508789 
    0.0022675737  -0.087921142578 
    0.0022902494  -0.073150634766 
    0.0023129252  -0.058685302734 
    0.0023356009  -0.045715332031 
    0.0023582766  -0.034637451172 
    0.0023809524  -0.025665283203 
    0.0024036281  -0.019500732422 
    0.0024263039        -0.015625 
    0.0024489796  -0.014312744141 
    0.0024716553  -0.015289306641 
    0.0024943311  -0.017822265625 
    0.0025170068  -0.021240234375 
    0.0025396825  -0.025054931641 
    0.0025623583  -0.028015136719 
     0.002585034  -0.029846191406 
    0.0026077098  -0.030456542969 
    0.0026303855  -0.029418945312 
    0.0026530612  -0.027191162109 
     0.002675737  -0.024353027344 
    0.0026984127  -0.021575927734 
    0.0027210884  -0.018951416016 
    0.0027437642  -0.017242431641 
    0.0027664399  -0.016571044922 
    0.0027891156  -0.016662597656 
    0.0028117914  -0.017761230469 
    0.0028344671  -0.020141601562 
    0.0028571429  -0.023590087891 
    0.0028798186  -0.028442382812 
    0.0029024943  -0.033996582031 
    0.0029251701  -0.040161132812 
    0.0029478458  -0.046478271484 
    0.0029705215  -0.052001953125 
    0.0029931973  -0.056610107422 
     0.003015873  -0.059967041016 
    0.0030385488  -0.061950683594 
    0.0030612245  -0.062683105469 
    0.0030839002  -0.062591552734 
     0.003106576  -0.061859130859 
    0.0031292517  -0.060607910156 
    0.0031519274  -0.059326171875 
    0.0031746032  -0.057586669922 
    0.0031972789  -0.055572509766 
    0.0032199546  -0.053436279297 
    0.0032426304  -0.050933837891 
    0.0032653061  -0.047698974609 
    0.0032879819  -0.043792724609 
    0.0033106576  -0.038848876953 
    0.0033333333  -0.033020019531 
    0.0033560091  -0.026275634766 
    0.0033786848  -0.018615722656 
    0.0034013605  -0.011016845703 
    0.0034240363   -0.00341796875 
     0.003446712  0.0033874511719 
    0.0034693878  0.0086669921875 
    0.0034920635   0.011688232422 
    0.0035147392   0.012939453125 
     0.003537415   0.012054443359 
    0.0035600907    0.00927734375 
    0.0035827664  0.0051574707031 
    0.0036054422  -0.00054931640625 
    0.0036281179  -0.0073852539062 
    0.0036507937  -0.014465332031 
    0.0036734694  -0.021575927734 
    0.0036961451  -0.028259277344 
    0.0037188209  -0.034576416016 
    0.0037414966  -0.040893554688 
    0.0037641723  -0.047241210938 
    0.0037868481  -0.052124023438 
    0.0038095238  -0.055145263672 
    0.0038321995  -0.055755615234 
    0.0038548753  -0.054260253906 
     0.003877551  -0.050903320312 
    0.0039002268  -0.046478271484 
    0.0039229025  -0.041595458984 
    0.0039455782  -0.036407470703 
     0.003968254  -0.031402587891 
    0.0039909297  -0.026336669922 
    0.0040136054  -0.022125244141 
    0.0040362812  -0.018310546875 
    0.0040589569  -0.015289306641 
    0.0040816327  -0.012878417969 
    0.0041043084  -0.011322021484 
    0.0041269841  -0.010650634766 
    0.0041496599  -0.010955810547 
    0.0041723356  -0.011993408203 
    0.0041950113  -0.014465332031 
    0.0042176871  -0.017700195312 
    0.0042403628  -0.022216796875 
    0.0042630385  -0.027893066406 
    0.0042857143  -0.033660888672 
      0.00430839  -0.039337158203 
    0.0043310658  -0.044555664062 
    0.0043537415  -0.048980712891 
    0.0043764172  -0.053131103516 
     0.004399093  -0.056427001953 
    0.0044217687  -0.058929443359 
    0.0044444444  -0.060424804688 
    0.0044671202  -0.061065673828 
    0.0044897959  -0.060668945312 
    0.0045124717    -0.0595703125 
    0.0045351474  -0.056732177734 
    0.0045578231  -0.053070068359 
    0.0045804989  -0.048736572266 
    0.0046031746  -0.043304443359 
    0.0046258503  -0.037017822266 
    0.0046485261  -0.029968261719 
    0.0046712018  -0.022583007812 
    0.0046938776  -0.015075683594 
    0.0047165533  -0.0084228515625 
     0.004739229  -0.0027160644531 
    0.0047619048  0.0017700195312 
    0.0047845805  0.0045166015625 
    0.0048072562  0.0051574707031 
     0.004829932  0.0042419433594 
    0.0048526077  0.0013427734375 
    0.0048752834  -0.0031433105469 
    0.0048979592  -0.0086975097656 
    0.0049206349  -0.014923095703 
    0.0049433107  -0.021209716797 
    0.0049659864  -0.026641845703 
    0.0049886621  -0.030914306641 
    0.0050113379  -0.033996582031 
    0.0050340136  -0.035003662109 
    0.0050566893  -0.034301757812 
    0.0050793651  -0.032348632812 
    0.0051020408  -0.029144287109 
    0.0051247166  -0.024993896484 
    0.0051473923  -0.020050048828 
     0.005170068  -0.014556884766 
    0.0051927438  -0.0089416503906 
    0.0052154195  -0.0033569335938 
    0.0052380952    0.00244140625 
     0.005260771  0.0081787109375 
    0.0052834467   0.013702392578 
    0.0053061224   0.018249511719 
    0.0053287982   0.021575927734 
    0.0053514739   0.023803710938 
    0.0053741497   0.025054931641 
    0.0053968254   0.025695800781 
    0.0054195011   0.026275634766 
    0.0054421769   0.026336669922 
    0.0054648526   0.025543212891 
    0.0054875283   0.023895263672 
    0.0055102041   0.021697998047 
    0.0055328798   0.019500732422 
    0.0055555556   0.017272949219 
    0.0055782313   0.015045166016 
     0.005600907   0.012512207031 
    0.0056235828  0.0096130371094 
    0.0056462585  0.0057983398438 
    0.0056689342  0.00082397460938 
      0.00569161  -0.0050659179688 
    0.0057142857  -0.012359619141 
    0.0057369615  -0.020935058594 
    0.0057596372  -0.031005859375 
    0.0057823129  -0.042083740234 
    0.0058049887  -0.053802490234 
    0.0058276644  -0.065551757812 
    0.0058503401  -0.076385498047 
    0.0058730159  -0.085296630859 
    0.0058956916   -0.09130859375 
    0.0059183673  -0.093383789062 
    0.0059410431  -0.091949462891 
    0.0059637188  -0.086517333984 
    0.0059863946  -0.077850341797 
    0.0060090703  -0.066101074219 
     0.006031746  -0.052337646484 
    0.0060544218  -0.036987304688 
    0.0060770975  -0.020690917969 
