; Sample Rate 44100
; Channels 1
               0  -0.013061523438 
   2.2675737e-05  0.0053405761719 
   4.5351474e-05   0.023681640625 
   6.8027211e-05   0.041198730469 
   9.0702948e-05   0.057189941406 
   0.00011337868   0.071197509766 
   0.00013605442   0.082550048828 
   0.00015873016   0.091827392578 
    0.0001814059   0.098876953125 
   0.00020408163    0.10406494141 
   0.00022675737    0.10754394531 
   0.00024943311    0.10955810547 
   0.00027210884    0.10968017578 
   0.00029478458     0.1081237793 
   0.00031746032    0.10491943359 
   0.00034013605    0.10015869141 
   0.00036281179   0.094177246094 
   0.00038548753   0.086608886719 
   0.00040816327   0.077575683594 
     0.000430839     0.0673828125 
   0.00045351474   0.056335449219 
   0.00047619048   0.045227050781 
   0.00049886621   0.034027099609 
   0.00052154195   0.023590087891 
   0.00054421769   0.014068603516 
   0.00056689342  0.0052795410156 
   0.00058956916  -0.0030517578125 
    0.0006122449  -0.011291503906 
   0.00063492063   -0.01904296875 
   0.00065759637  -0.026550292969 
   0.00068027211  -0.034088134766 
   0.00070294785  -0.041442871094 
   0.00072562358  -0.048431396484 
   0.00074829932  -0.054443359375 
   0.00077097506  -0.058563232422 
   0.00079365079  -0.061248779297 
   0.00081632653  -0.061859130859 
   0.00083900227  -0.059783935547 
     0.000861678  -0.054443359375 
   0.00088435374  -0.045440673828 
   0.00090702948  -0.032073974609 
   0.00092970522  -0.014526367188 
   0.00095238095  0.0070495605469 
   0.00097505669   0.032531738281 
   0.00099773243     0.0615234375 
    0.0010204082    0.09326171875 
    0.0010430839    0.12670898438 
    0.0010657596    0.16018676758 
    0.0010884354    0.19244384766 
    0.0011111111    0.22137451172 
    0.0011337868    0.24502563477 
    0.0011564626    0.26119995117 
    0.0011791383    0.26806640625 
    0.0012018141     0.2653503418 
    0.0012244898    0.25335693359 
    0.0012471655    0.23324584961 
    0.0012698413     0.2063293457 
     0.001292517    0.17446899414 
    0.0013151927    0.13931274414 
    0.0013378685    0.10342407227 
    0.0013605442   0.068267822266 
      0.00138322   0.035827636719 
    0.0014058957  0.0081481933594 
    0.0014285714  -0.014038085938 
    0.0014512472  -0.029205322266 
    0.0014739229  -0.037384033203 
    0.0014965986  -0.038452148438 
    0.0015192744   -0.03271484375 
    0.0015419501  -0.021728515625 
    0.0015646259  -0.0067138671875 
    0.0015873016   0.011199951172 
    0.0016099773   0.030395507812 
    0.0016326531   0.049133300781 
    0.0016553288   0.067443847656 
    0.0016780045   0.084625244141 
    0.0017006803    0.10043334961 
     0.001723356    0.11471557617 
    0.0017460317    0.12655639648 
    0.0017687075    0.13598632812 
    0.0017913832    0.14364624023 
     0.001814059    0.14846801758 
    0.0018367347     0.1506652832 
    0.0018594104    0.14987182617 
    0.0018820862    0.14581298828 
    0.0019047619    0.13806152344 
    0.0019274376    0.12536621094 
    0.0019501134    0.10781860352 
    0.0019727891   0.084838867188 
    0.0019954649   0.057281494141 
    0.0020181406     0.0263671875 
    0.0020408163  -0.0058898925781 
    0.0020634921  -0.037200927734 
    0.0020861678  -0.065032958984 
    0.0021088435  -0.088531494141 
    0.0021315193   -0.10601806641 
     0.002154195   -0.11660766602 
    0.0021768707   -0.12075805664 
    0.0021995465    -0.1184387207 
    0.0022222222   -0.11056518555 
     0.002244898    -0.0986328125 
    0.0022675737  -0.083923339844 
    0.0022902494  -0.068267822266 
    0.0023129252  -0.052886962891 
    0.0023356009  -0.039154052734 
    0.0023582766  -0.028045654297 
    0.0023809524  -0.019897460938 
    0.0024036281  -0.015472412109 
    0.0024263039  -0.014617919922 
    0.0024489796   -0.01708984375 
    0.0024716553  -0.021820068359 
    0.0024943311    -0.0283203125 
    0.0025170068  -0.034637451172 
    0.0025396825  -0.039916992188 
    0.0025623583  -0.043426513672 
     0.002585034  -0.044738769531 
    0.0026077098  -0.043579101562 
    0.0026303855  -0.040344238281 
    0.0026530612  -0.035491943359 
     0.002675737  -0.030364990234 
    0.0026984127  -0.025329589844 
    0.0027210884  -0.020446777344 
    0.0027437642  -0.016784667969 
    0.0027664399  -0.014556884766 
    0.0027891156  -0.013458251953 
    0.0028117914  -0.014343261719 
    0.0028344671  -0.016937255859 
    0.0028571429  -0.020629882812 
    0.0028798186  -0.026000976562 
    0.0029024943  -0.032196044922 
    0.0029251701  -0.038879394531 
    0.0029478458  -0.045532226562 
    0.0029705215  -0.051513671875 
    0.0029931973  -0.056488037109 
     0.003015873  -0.060424804688 
    0.0030385488  -0.063140869141 
    0.0030612245  -0.065063476562 
    0.0030839002  -0.066223144531 
     0.003106576      -0.06640625 
    0.0031292517  -0.065887451172 
    0.0031519274  -0.064605712891 
    0.0031746032   -0.06298828125 
    0.0031972789  -0.060821533203 
    0.0032199546  -0.058074951172 
    0.0032426304  -0.054840087891 
    0.0032653061  -0.050262451172 
    0.0032879819  -0.044128417969 
    0.0033106576  -0.036865234375 
    0.0033333333  -0.028442382812 
    0.0033560091  -0.019744873047 
    0.0033786848  -0.011016845703 
    0.0034013605  -0.0023803710938 
    0.0034240363  0.0055847167969 
     0.003446712   0.012481689453 
    0.0034693878   0.017791748047 
    0.0034920635   0.021179199219 
    0.0035147392    0.02197265625 
     0.003537415   0.020660400391 
    0.0035600907   0.016296386719 
    0.0035827664  0.0096435546875 
    0.0036054422   0.001220703125 
    0.0036281179  -0.0088195800781 
    0.0036507937  -0.018737792969 
    0.0036734694  -0.028717041016 
    0.0036961451  -0.038299560547 
    0.0037188209  -0.047149658203 
    0.0037414966  -0.055511474609 
    0.0037641723  -0.062042236328 
    0.0037868481  -0.066009521484 
    0.0038095238  -0.066741943359 
    0.0038321995  -0.064575195312 
    0.0038548753  -0.059753417969 
     0.003877551  -0.053527832031 
    0.0039002268  -0.046722412109 
    0.0039229025  -0.039367675781 
    0.0039455782  -0.032196044922 
     0.003968254  -0.025329589844 
    0.0039909297  -0.019195556641 
    0.0040136054  -0.013885498047 
    0.0040362812  -0.0093383789062 
    0.0040589569  -0.0059509277344 
    0.0040816327  -0.0035400390625 
    0.0041043084  -0.0022583007812 
    0.0041269841  -0.0026245117188 
    0.0041496599  -0.0045166015625 
    0.0041723356  -0.0077514648438 
    0.0041950113  -0.011901855469 
    0.0042176871  -0.017364501953 
    0.0042403628  -0.023712158203 
    0.0042630385  -0.030426025391 
    0.0042857143  -0.037689208984 
      0.00430839  -0.044860839844 
    0.0043310658  -0.051879882812 
    0.0043537415      -0.05859375 
    0.0043764172  -0.064544677734 
     0.004399093  -0.069641113281 
    0.0044217687  -0.073364257812 
    0.0044444444  -0.075836181641 
    0.0044671202  -0.076843261719 
    0.0044897959  -0.076202392578 
    0.0045124717  -0.074066162109 
    0.0045351474  -0.069976806641 
    0.0045578231  -0.064239501953 
    0.0045804989  -0.056427001953 
    0.0046031746  -0.047027587891 
    0.0046258503  -0.036437988281 
    0.0046485261  -0.025360107422 
    0.0046712018  -0.014068603516 
    0.0046938776  -0.0039672851562 
    0.0047165533  0.0048522949219 
     0.004739229   0.011657714844 
    0.0047619048   0.016326904297 
    0.0047845805   0.018402099609 
    0.0048072562   0.018157958984 
     0.004829932    0.01513671875 
    0.0048526077      0.009765625 
    0.0048752834  0.0025024414062 
    0.0048979592  -0.0052795410156 
    0.0049206349  -0.013549804688 
    0.0049433107  -0.021636962891 
    0.0049659864  -0.028747558594 
    0.0049886621   -0.03466796875 
    0.0050113379  -0.038635253906 
    0.0050340136  -0.040679931641 
    0.0050566893  -0.040802001953 
    0.0050793651  -0.039184570312 
    0.0051020408  -0.036163330078 
    0.0051247166  -0.031951904297 
    0.0051473923  -0.026306152344 
     0.005170068  -0.019897460938 
    0.0051927438  -0.012969970703 
    0.0052154195  -0.0062255859375 
    0.0052380952  0.00030517578125 
     0.005260771  0.0062561035156 
    0.0052834467    0.01123046875 
    0.0053061224   0.015045166016 
    0.0053287982   0.018157958984 
    0.0053514739   0.020965576172 
    0.0053741497   0.023986816406 
    0.0053968254   0.026794433594 
    0.0054195011   0.029205322266 
    0.0054421769   0.031402587891 
    0.0054648526   0.032562255859 
    0.0054875283   0.032745361328 
    0.0055102041   0.032196044922 
    0.0055328798   0.030731201172 
    0.0055555556   0.028564453125 
    0.0055782313   0.025207519531 
     0.005600907   0.020477294922 
    0.0056235828   0.014404296875 
    0.0056462585  0.0069580078125 
    0.0056689342     -0.001953125 
      0.00569161  -0.012969970703 
    0.0057142857  -0.024566650391 
    0.0057369615  -0.037628173828 
    0.0057596372  -0.051361083984 
    0.0057823129  -0.064880371094 
    0.0058049887  -0.077758789062 
    0.0058276644  -0.089202880859 
    0.0058503401  -0.098602294922 
    0.0058730159   -0.10446166992 
    0.0058956916   -0.10662841797 
    0.0059183673   -0.10507202148 
    0.0059410431  -0.099822998047 
    0.0059637188  -0.091278076172 
    0.0059863946  -0.080108642578 
    0.0060090703  -0.066528320312 
     0.006031746  -0.051391601562 
    0.0060544218  -0.034881591797 
    0.0060770975  -0.017364501953 
