; Sample Rate 44100
; Channels 1
               0  0.00064086914062 
   2.2675737e-05   0.017303466797 
   4.5351474e-05   0.033660888672 
   6.8027211e-05   0.049133300781 
   9.0702948e-05           0.0625 
   0.00011337868   0.073669433594 
   0.00013605442       0.08203125 
   0.00015873016   0.088409423828 
    0.0001814059   0.092956542969 
   0.00020408163   0.095489501953 
   0.00022675737     0.0966796875 
   0.00024943311   0.096649169922 
   0.00027210884   0.095062255859 
   0.00029478458   0.092346191406 
   0.00031746032   0.088592529297 
   0.00034013605   0.083709716797 
   0.00036281179   0.077941894531 
   0.00038548753   0.071594238281 
   0.00040816327   0.065063476562 
     0.000430839   0.058532714844 
   0.00045351474   0.052490234375 
   0.00047619048   0.046600341797 
   0.00049886621   0.041442871094 
   0.00052154195   0.036407470703 
   0.00054421769   0.031066894531 
   0.00056689342   0.025207519531 
   0.00058956916   0.018402099609 
    0.0006122449   0.010772705078 
   0.00063492063  0.0020751953125 
   0.00065759637  -0.0072937011719 
   0.00068027211  -0.016876220703 
   0.00070294785  -0.026428222656 
   0.00072562358  -0.035400390625 
   0.00074829932  -0.043395996094 
   0.00077097506  -0.049591064453 
   0.00079365079  -0.053070068359 
   0.00081632653  -0.053924560547 
   0.00083900227  -0.051330566406 
     0.000861678  -0.045043945312 
   0.00088435374  -0.034484863281 
   0.00090702948  -0.019409179688 
   0.00092970522  -0.00018310546875 
   0.00095238095   0.023284912109 
   0.00097505669   0.050384521484 
   0.00099773243   0.080413818359 
    0.0010204082    0.11199951172 
    0.0010430839    0.14407348633 
    0.0010657596    0.17544555664 
    0.0010884354    0.20465087891 
    0.0011111111     0.2297668457 
    0.0011337868    0.24826049805 
    0.0011564626    0.25872802734 
    0.0011791383    0.25955200195 
    0.0012018141     0.2512512207 
    0.0012244898    0.23477172852 
    0.0012471655    0.21115112305 
    0.0012698413    0.18212890625 
     0.001292517    0.14920043945 
    0.0013151927    0.11489868164 
    0.0013378685   0.080718994141 
    0.0013605442   0.049194335938 
      0.00138322   0.021575927734 
    0.0014058957  -0.0014953613281 
    0.0014285714  -0.018890380859 
    0.0014512472  -0.029998779297 
    0.0014739229  -0.035034179688 
    0.0014965986  -0.033782958984 
    0.0015192744  -0.027313232422 
    0.0015419501  -0.016326904297 
    0.0015646259  -0.0021362304688 
    0.0015873016   0.014251708984 
    0.0016099773   0.030792236328 
    0.0016326531   0.047149658203 
    0.0016553288   0.063171386719 
    0.0016780045   0.078460693359 
    0.0017006803   0.093048095703 
     0.001723356    0.10614013672 
    0.0017460317    0.11822509766 
    0.0017687075    0.12796020508 
    0.0017913832    0.13571166992 
     0.001814059     0.1403503418 
    0.0018367347     0.1416015625 
    0.0018594104    0.13888549805 
    0.0018820862     0.1318359375 
    0.0019047619    0.12042236328 
    0.0019274376    0.10433959961 
    0.0019501134   0.083526611328 
    0.0019727891   0.058715820312 
    0.0019954649   0.030517578125 
    0.0020181406  0.00057983398438 
    0.0020408163  -0.028564453125 
    0.0020634921  -0.055541992188 
    0.0020861678  -0.078460693359 
    0.0021088435  -0.096008300781 
    0.0021315193   -0.10794067383 
     0.002154195   -0.11389160156 
    0.0021768707   -0.11392211914 
    0.0021995465   -0.10876464844 
    0.0022222222  -0.099517822266 
     0.002244898  -0.087341308594 
    0.0022675737  -0.073913574219 
    0.0022902494  -0.060272216797 
    0.0023129252  -0.047149658203 
    0.0023356009  -0.035797119141 
    0.0023582766  -0.026611328125 
    0.0023809524  -0.020111083984 
    0.0024036281  -0.016204833984 
    0.0024263039  -0.015045166016 
    0.0024489796  -0.016357421875 
    0.0024716553  -0.019134521484 
    0.0024943311  -0.022888183594 
    0.0025170068  -0.026885986328 
    0.0025396825  -0.030151367188 
    0.0025623583  -0.032501220703 
     0.002585034  -0.033538818359 
    0.0026077098  -0.033264160156 
    0.0026303855  -0.031829833984 
    0.0026530612  -0.029479980469 
     0.002675737  -0.027099609375 
    0.0026984127  -0.025207519531 
    0.0027210884  -0.023651123047 
    0.0027437642  -0.022857666016 
    0.0027664399  -0.023132324219 
    0.0027891156  -0.024017333984 
    0.0028117914  -0.026275634766 
    0.0028344671  -0.029113769531 
    0.0028571429  -0.033294677734 
    0.0028798186  -0.038299560547 
    0.0029024943  -0.043487548828 
    0.0029251701  -0.048553466797 
    0.0029478458   -0.05322265625 
    0.0029705215  -0.056732177734 
    0.0029931973  -0.059020996094 
     0.003015873  -0.060028076172 
    0.0030385488  -0.060424804688 
    0.0030612245  -0.059753417969 
    0.0030839002  -0.058776855469 
     0.003106576  -0.057464599609 
    0.0031292517  -0.055938720703 
    0.0031519274  -0.054077148438 
    0.0031746032  -0.051879882812 
    0.0031972789  -0.049865722656 
    0.0032199546  -0.047576904297 
    0.0032426304  -0.044860839844 
    0.0032653061  -0.041259765625 
    0.0032879819  -0.036743164062 
    0.0033106576  -0.031219482422 
    0.0033333333  -0.025146484375 
    0.0033560091  -0.018310546875 
    0.0033786848  -0.010650634766 
    0.0034013605  -0.0031127929688 
    0.0034240363  0.0037231445312 
     0.003446712  0.0097045898438 
    0.0034693878   0.013366699219 
    0.0034920635   0.015411376953 
    0.0035147392   0.015014648438 
     0.003537415   0.012603759766 
    0.0035600907  0.0082702636719 
    0.0035827664  0.0018310546875 
    0.0036054422  -0.0059204101562 
    0.0036281179  -0.013977050781 
    0.0036507937  -0.021911621094 
    0.0036734694  -0.029571533203 
    0.0036961451  -0.036590576172 
    0.0037188209  -0.043243408203 
    0.0037414966  -0.049621582031 
    0.0037641723  -0.054779052734 
    0.0037868481  -0.057891845703 
    0.0038095238  -0.058807373047 
    0.0038321995  -0.057159423828 
    0.0038548753  -0.053741455078 
     0.003877551  -0.048889160156 
    0.0039002268  -0.043212890625 
    0.0039229025  -0.037231445312 
    0.0039455782  -0.031005859375 
     0.003968254  -0.024932861328 
    0.0039909297  -0.019165039062 
    0.0040136054  -0.013946533203 
    0.0040362812  -0.0096130371094 
    0.0040589569  -0.0064392089844 
    0.0040816327  -0.0044250488281 
    0.0041043084  -0.0038452148438 
    0.0041269841  -0.0046997070312 
    0.0041496599  -0.0075988769531 
    0.0041723356  -0.011260986328 
    0.0041950113   -0.01611328125 
    0.0042176871  -0.022064208984 
    0.0042403628  -0.028198242188 
    0.0042630385  -0.034576416016 
    0.0042857143  -0.040893554688 
      0.00430839  -0.046722412109 
    0.0043310658  -0.051971435547 
    0.0043537415  -0.056518554688 
    0.0043764172  -0.060424804688 
     0.004399093  -0.063293457031 
    0.0044217687  -0.065124511719 
    0.0044444444  -0.066009521484 
    0.0044671202  -0.065734863281 
    0.0044897959  -0.064483642578 
    0.0045124717   -0.06201171875 
    0.0045351474      -0.05859375 
    0.0045578231  -0.053802490234 
    0.0045804989  -0.048156738281 
    0.0046031746  -0.041198730469 
    0.0046258503  -0.033538818359 
    0.0046485261  -0.025451660156 
    0.0046712018  -0.017486572266 
    0.0046938776  -0.010284423828 
    0.0047165533  -0.0044860839844 
     0.004739229  3.0517578125e-05 
    0.0047619048  0.0028991699219 
    0.0047845805       0.00390625 
    0.0048072562  0.0032348632812 
     0.004829932  0.00082397460938 
    0.0048526077  -0.0032348632812 
    0.0048752834  -0.0083618164062 
    0.0048979592  -0.014465332031 
    0.0049206349  -0.020446777344 
    0.0049433107  -0.026031494141 
    0.0049659864  -0.030456542969 
    0.0049886621  -0.033233642578 
    0.0050113379  -0.034423828125 
    0.0050340136   -0.03369140625 
    0.0050566893  -0.031799316406 
    0.0050793651  -0.028625488281 
    0.0051020408  -0.024383544922 
    0.0051247166  -0.019348144531 
    0.0051473923  -0.013916015625 
     0.005170068  -0.0082702636719 
    0.0051927438  -0.0025024414062 
    0.0052154195     0.0029296875 
    0.0052380952  0.0080871582031 
     0.005260771   0.012573242188 
    0.0052834467   0.016754150391 
    0.0053061224    0.02001953125 
    0.0053287982   0.022827148438 
    0.0053514739      0.025390625 
    0.0053741497   0.027770996094 
    0.0053968254   0.029418945312 
    0.0054195011   0.030426025391 
    0.0054421769   0.030151367188 
    0.0054648526   0.028594970703 
    0.0054875283   0.026397705078 
    0.0055102041   0.023620605469 
    0.0055328798   0.020690917969 
    0.0055555556   0.017303466797 
    0.0055782313   0.013366699219 
     0.005600907   0.008544921875 
    0.0056235828  0.0028991699219 
    0.0056462585  -0.0039672851562 
    0.0056689342  -0.012054443359 
      0.00569161  -0.020782470703 
    0.0057142857  -0.030609130859 
    0.0057369615  -0.040893554688 
    0.0057596372  -0.051910400391 
    0.0057823129  -0.062927246094 
    0.0058049887  -0.073486328125 
    0.0058276644  -0.082977294922 
    0.0058503401  -0.090240478516 
    0.0058730159  -0.094879150391 
    0.0058956916     -0.095703125 
    0.0059183673  -0.092620849609 
    0.0059410431  -0.085876464844 
    0.0059637188  -0.076232910156 
    0.0059863946  -0.063781738281 
    0.0060090703  -0.049377441406 
     0.006031746  -0.033508300781 
    0.0060544218  -0.016967773438 
