; Sample Rate 44100
; Channels 1
               0  0.0010681152344 
   2.2675737e-05   0.019378662109 
   4.5351474e-05      0.037109375 
   6.8027211e-05   0.053558349609 
   9.0702948e-05   0.068420410156 
   0.00011337868   0.081024169922 
   0.00013605442   0.091186523438 
   0.00015873016   0.099212646484 
    0.0001814059    0.10522460938 
   0.00020408163    0.10916137695 
   0.00022675737    0.11120605469 
   0.00024943311    0.11151123047 
   0.00027210884    0.11016845703 
   0.00029478458    0.10751342773 
   0.00031746032    0.10345458984 
   0.00034013605   0.098114013672 
   0.00036281179    0.09130859375 
   0.00038548753   0.083129882812 
   0.00040816327   0.074188232422 
     0.000430839   0.064788818359 
   0.00045351474   0.054656982422 
   0.00047619048   0.044342041016 
   0.00049886621   0.034698486328 
   0.00052154195   0.024780273438 
   0.00054421769   0.014831542969 
   0.00056689342  0.0053405761719 
   0.00058956916  -0.0039672851562 
    0.0006122449  -0.013366699219 
   0.00063492063  -0.022796630859 
   0.00065759637  -0.032531738281 
   0.00068027211  -0.041870117188 
   0.00070294785  -0.050354003906 
   0.00072562358  -0.057312011719 
   0.00074829932          -0.0625 
   0.00077097506  -0.065734863281 
   0.00079365079  -0.066589355469 
   0.00081632653  -0.065124511719 
   0.00083900227  -0.060943603516 
     0.000861678  -0.053680419922 
   0.00088435374  -0.043121337891 
   0.00090702948  -0.028533935547 
   0.00092970522  -0.0095825195312 
   0.00095238095   0.013061523438 
   0.00097505669   0.039031982422 
   0.00099773243   0.067749023438 
    0.0010204082   0.098205566406 
    0.0010430839    0.12945556641 
    0.0010657596    0.16098022461 
    0.0010884354    0.19171142578 
    0.0011111111    0.21975708008 
    0.0011337868    0.24307250977 
    0.0011564626    0.25918579102 
    0.0011791383    0.26663208008 
    0.0012018141    0.26504516602 
    0.0012244898    0.25433349609 
    0.0012471655    0.23565673828 
    0.0012698413    0.21008300781 
     0.001292517    0.17922973633 
    0.0013151927    0.14511108398 
    0.0013378685    0.10986328125 
    0.0013605442   0.075347900391 
      0.00138322   0.043609619141 
    0.0014058957   0.016204833984 
    0.0014285714  -0.0056457519531 
    0.0014512472  -0.021270751953 
    0.0014739229  -0.029693603516 
    0.0014965986  -0.030975341797 
    0.0015192744  -0.026184082031 
    0.0015419501  -0.015930175781 
    0.0015646259  -0.0025024414062 
    0.0015873016   0.012573242188 
    0.0016099773   0.028656005859 
    0.0016326531   0.044647216797 
    0.0016553288   0.059875488281 
    0.0016780045   0.074249267578 
    0.0017006803   0.088012695312 
     0.001723356    0.10070800781 
    0.0017460317    0.11227416992 
    0.0017687075    0.12219238281 
    0.0017913832    0.13092041016 
     0.001814059    0.13778686523 
    0.0018367347    0.14263916016 
    0.0018594104    0.14428710938 
    0.0018820862    0.14218139648 
    0.0019047619    0.13577270508 
    0.0019274376    0.12457275391 
    0.0019501134    0.10763549805 
    0.0019727891    0.08544921875 
    0.0019954649   0.058654785156 
    0.0020181406   0.028381347656 
    0.0020408163  -0.0026550292969 
    0.0020634921  -0.032806396484 
    0.0020861678  -0.059783935547 
    0.0021088435  -0.082305908203 
    0.0021315193  -0.099456787109 
     0.002154195   -0.11001586914 
    0.0021768707   -0.11410522461 
    0.0021995465   -0.11206054688 
    0.0022222222   -0.10473632812 
     0.002244898  -0.093505859375 
    0.0022675737  -0.080474853516 
    0.0022902494  -0.066497802734 
    0.0023129252  -0.052947998047 
    0.0023356009  -0.041137695312 
    0.0023582766  -0.031555175781 
    0.0023809524  -0.025115966797 
    0.0024036281  -0.021789550781 
    0.0024263039  -0.021728515625 
    0.0024489796  -0.024108886719 
    0.0024716553  -0.028503417969 
    0.0024943311  -0.033752441406 
    0.0025170068       -0.0390625 
    0.0025396825  -0.042602539062 
    0.0025623583  -0.044586181641 
     0.002585034  -0.045074462891 
    0.0026077098  -0.043853759766 
    0.0026303855  -0.041564941406 
    0.0026530612  -0.038330078125 
     0.002675737  -0.034576416016 
    0.0026984127  -0.030731201172 
    0.0027210884  -0.026885986328 
    0.0027437642  -0.023712158203 
    0.0027664399  -0.021942138672 
    0.0027891156  -0.021148681641 
    0.0028117914  -0.021636962891 
    0.0028344671  -0.023834228516 
    0.0028571429  -0.027252197266 
    0.0028798186  -0.031402587891 
    0.0029024943  -0.036224365234 
    0.0029251701  -0.041198730469 
    0.0029478458  -0.045715332031 
    0.0029705215  -0.049896240234 
    0.0029931973  -0.053405761719 
     0.003015873  -0.056121826172 
    0.0030385488  -0.058074951172 
    0.0030612245  -0.059692382812 
    0.0030839002  -0.060485839844 
     0.003106576  -0.061126708984 
    0.0031292517  -0.061187744141 
    0.0031519274  -0.061004638672 
    0.0031746032  -0.060028076172 
    0.0031972789  -0.058319091797 
    0.0032199546  -0.055877685547 
    0.0032426304  -0.052001953125 
    0.0032653061  -0.047210693359 
    0.0032879819  -0.041229248047 
    0.0033106576  -0.034057617188 
    0.0033333333  -0.026336669922 
    0.0033560091  -0.017639160156 
    0.0033786848    -0.0087890625 
    0.0034013605  -0.00042724609375 
    0.0034240363  0.0076293945312 
     0.003446712   0.014038085938 
    0.0034693878   0.018829345703 
    0.0034920635   0.021148681641 
    0.0035147392    0.02099609375 
     0.003537415   0.018035888672 
    0.0035600907   0.013000488281 
    0.0035827664  0.0057983398438 
    0.0036054422  -0.0023498535156 
    0.0036281179  -0.011566162109 
    0.0036507937  -0.020599365234 
    0.0036734694  -0.029663085938 
    0.0036961451  -0.038818359375 
    0.0037188209  -0.047668457031 
    0.0037414966  -0.055328369141 
    0.0037641723  -0.060974121094 
    0.0037868481  -0.063629150391 
    0.0038095238  -0.063232421875 
    0.0038321995  -0.060577392578 
    0.0038548753  -0.056121826172 
     0.003877551  -0.050354003906 
    0.0039002268  -0.044067382812 
    0.0039229025  -0.037353515625 
    0.0039455782  -0.030548095703 
     0.003968254  -0.024291992188 
    0.0039909297  -0.018188476562 
    0.0040136054  -0.012634277344 
    0.0040362812       -0.0078125 
    0.0040589569  -0.0039978027344 
    0.0040816327  -0.0018310546875 
    0.0041043084  -0.0014343261719 
    0.0041269841  -0.0033264160156 
    0.0041496599  -0.0068054199219 
    0.0041723356  -0.011932373047 
    0.0041950113  -0.017883300781 
    0.0042176871  -0.024627685547 
    0.0042403628  -0.031677246094 
    0.0042630385  -0.039123535156 
    0.0042857143  -0.046325683594 
      0.00430839  -0.053009033203 
    0.0043310658  -0.059234619141 
    0.0043537415  -0.064636230469 
    0.0043764172  -0.069366455078 
     0.004399093  -0.072998046875 
    0.0044217687  -0.075439453125 
    0.0044444444  -0.076477050781 
    0.0044671202  -0.076263427734 
    0.0044897959  -0.074523925781 
    0.0045124717  -0.071166992188 
    0.0045351474  -0.066223144531 
    0.0045578231  -0.059722900391 
    0.0045804989  -0.051879882812 
    0.0046031746  -0.042907714844 
    0.0046258503  -0.033630371094 
    0.0046485261  -0.023956298828 
    0.0046712018  -0.014556884766 
    0.0046938776  -0.0057678222656 
    0.0047165533  0.0018920898438 
     0.004739229   0.008056640625 
    0.0047619048   0.011627197266 
    0.0047845805   0.013214111328 
    0.0048072562   0.012359619141 
     0.004829932  0.0093994140625 
    0.0048526077  0.0041809082031 
    0.0048752834  -0.0024108886719 
    0.0048979592  -0.0098266601562 
    0.0049206349  -0.017425537109 
    0.0049433107  -0.024566650391 
    0.0049659864  -0.030670166016 
    0.0049886621  -0.035003662109 
    0.0050113379  -0.037475585938 
    0.0050340136  -0.037841796875 
    0.0050566893  -0.036651611328 
    0.0050793651  -0.033782958984 
    0.0051020408  -0.029479980469 
    0.0051247166  -0.024139404297 
    0.0051473923   -0.01806640625 
     0.005170068  -0.011108398438 
    0.0051927438  -0.0044555664062 
    0.0052154195  0.0019226074219 
    0.0052380952  0.0076599121094 
     0.005260771   0.012451171875 
    0.0052834467   0.015747070312 
    0.0053061224   0.018218994141 
    0.0053287982   0.020172119141 
    0.0053514739   0.021850585938 
    0.0053741497   0.023895263672 
    0.0053968254   0.026062011719 
    0.0054195011   0.028015136719 
    0.0054421769   0.029327392578 
    0.0054648526   0.029663085938 
    0.0054875283   0.029052734375 
    0.0055102041   0.027557373047 
    0.0055328798   0.025024414062 
    0.0055555556   0.021728515625 
    0.0055782313   0.017791748047 
     0.005600907   0.012634277344 
    0.0056235828  0.0061950683594 
    0.0056462585  -0.0020141601562 
    0.0056689342  -0.011779785156 
      0.00569161  -0.022644042969 
    0.0057142857  -0.034820556641 
    0.0057369615  -0.047241210938 
    0.0057596372  -0.059692382812 
    0.0057823129  -0.071807861328 
    0.0058049887  -0.082733154297 
    0.0058276644  -0.091766357422 
    0.0058503401  -0.098693847656 
    0.0058730159   -0.10211181641 
    0.0058956916   -0.10244750977 
    0.0059183673  -0.098876953125 
    0.0059410431  -0.091979980469 
    0.0059637188  -0.082092285156 
    0.0059863946  -0.069763183594 
    0.0060090703  -0.055541992188 
     0.006031746   -0.03955078125 
    0.0060544218  -0.022766113281 
