; Sample Rate 44100
; Channels 1
               0  -6.103515625e-05 
   2.2675737e-05   0.016784667969 
   4.5351474e-05   0.033081054688 
   6.8027211e-05   0.048583984375 
   9.0702948e-05   0.062438964844 
   0.00011337868   0.074005126953 
   0.00013605442   0.083221435547 
   0.00015873016   0.090057373047 
    0.0001814059   0.094635009766 
   0.00020408163   0.097473144531 
   0.00022675737   0.099060058594 
   0.00024943311   0.099182128906 
   0.00027210884   0.098114013672 
   0.00029478458   0.095428466797 
   0.00031746032   0.091400146484 
   0.00034013605   0.086364746094 
   0.00036281179   0.080810546875 
   0.00038548753   0.074645996094 
   0.00040816327   0.068389892578 
     0.000430839   0.062194824219 
   0.00045351474   0.056060791016 
   0.00047619048   0.050262451172 
   0.00049886621   0.044830322266 
   0.00052154195   0.039123535156 
   0.00054421769   0.032958984375 
   0.00056689342   0.026000976562 
   0.00058956916   0.018676757812 
    0.0006122449   0.010070800781 
   0.00063492063  0.00070190429688 
   0.00065759637  -0.0097351074219 
   0.00068027211  -0.020965576172 
   0.00070294785  -0.031951904297 
   0.00072562358  -0.042236328125 
   0.00074829932  -0.051330566406 
   0.00077097506  -0.058288574219 
   0.00079365079  -0.063201904297 
   0.00081632653  -0.065063476562 
   0.00083900227  -0.063232421875 
     0.000861678  -0.057342529297 
   0.00088435374  -0.046997070312 
   0.00090702948  -0.031982421875 
   0.00092970522  -0.012329101562 
   0.00095238095   0.011383056641 
   0.00097505669   0.038604736328 
   0.00099773243   0.069396972656 
    0.0010204082     0.1025390625 
    0.0010430839    0.13674926758 
    0.0010657596    0.17095947266 
    0.0010884354    0.20379638672 
    0.0011111111    0.23297119141 
    0.0011337868    0.25567626953 
    0.0011564626    0.26998901367 
    0.0011791383    0.27435302734 
    0.0012018141     0.2688293457 
    0.0012244898    0.25430297852 
    0.0012471655    0.23132324219 
    0.0012698413    0.20193481445 
     0.001292517    0.16790771484 
    0.0013151927    0.13143920898 
    0.0013378685     0.0947265625 
    0.0013605442    0.06005859375 
      0.00138322   0.028869628906 
    0.0014058957  0.0028991699219 
    0.0014285714  -0.017181396484 
    0.0014512472  -0.030944824219 
    0.0014739229  -0.038055419922 
    0.0014965986  -0.038665771484 
    0.0015192744  -0.033660888672 
    0.0015419501  -0.023803710938 
    0.0015646259  -0.010620117188 
    0.0015873016  0.0051574707031 
    0.0016099773   0.021606445312 
    0.0016326531   0.037902832031 
    0.0016553288   0.053985595703 
    0.0016780045   0.069549560547 
    0.0017006803   0.084533691406 
     0.001723356   0.098541259766 
    0.0017460317    0.11117553711 
    0.0017687075    0.12231445312 
    0.0017913832    0.13125610352 
     0.001814059    0.13757324219 
    0.0018367347     0.1408996582 
    0.0018594104    0.14080810547 
    0.0018820862    0.13693237305 
    0.0019047619    0.12841796875 
    0.0019274376    0.11532592773 
    0.0019501134   0.096923828125 
    0.0019727891   0.073913574219 
    0.0019954649   0.046600341797 
    0.0020181406   0.016265869141 
    0.0020408163  -0.014404296875 
    0.0020634921  -0.043823242188 
    0.0020861678  -0.069549560547 
    0.0021088435  -0.089965820312 
    0.0021315193   -0.10458374023 
     0.002154195   -0.11288452148 
    0.0021768707   -0.11474609375 
    0.0021995465   -0.11108398438 
    0.0022222222   -0.10263061523 
     0.002244898  -0.090942382812 
    0.0022675737  -0.077789306641 
    0.0022902494  -0.064056396484 
    0.0023129252  -0.051483154297 
    0.0023356009    -0.0400390625 
    0.0023582766  -0.030883789062 
    0.0023809524  -0.024780273438 
    0.0024036281  -0.021545410156 
    0.0024263039  -0.020782470703 
    0.0024489796  -0.021881103516 
    0.0024716553  -0.024536132812 
    0.0024943311  -0.028564453125 
    0.0025170068  -0.032409667969 
    0.0025396825  -0.035858154297 
    0.0025623583  -0.038635253906 
     0.002585034  -0.039733886719 
    0.0026077098  -0.039398193359 
    0.0026303855  -0.038116455078 
    0.0026530612  -0.035308837891 
     0.002675737  -0.031921386719 
    0.0026984127  -0.028656005859 
    0.0027210884  -0.025482177734 
    0.0027437642  -0.022705078125 
    0.0027664399  -0.020874023438 
    0.0027891156  -0.020355224609 
    0.0028117914  -0.021301269531 
    0.0028344671  -0.023986816406 
    0.0028571429  -0.027404785156 
    0.0028798186  -0.031616210938 
    0.0029024943  -0.036529541016 
    0.0029251701  -0.041687011719 
    0.0029478458  -0.046539306641 
    0.0029705215  -0.050903320312 
    0.0029931973   -0.05419921875 
     0.003015873  -0.056762695312 
    0.0030385488      -0.05859375 
    0.0030612245  -0.059906005859 
    0.0030839002  -0.060638427734 
     0.003106576  -0.061065673828 
    0.0031292517   -0.06103515625 
    0.0031519274  -0.060302734375 
    0.0031746032  -0.059478759766 
    0.0031972789  -0.057983398438 
    0.0032199546  -0.055419921875 
    0.0032426304  -0.051544189453 
    0.0032653061  -0.046813964844 
    0.0032879819  -0.041198730469 
    0.0033106576   -0.03466796875 
    0.0033333333  -0.027557373047 
    0.0033560091  -0.019622802734 
    0.0033786848  -0.011901855469 
    0.0034013605  -0.0039978027344 
    0.0034240363  0.0032348632812 
     0.003446712  0.0094604492188 
    0.0034693878   0.013610839844 
    0.0034920635   0.015686035156 
    0.0035147392   0.015472412109 
     0.003537415   0.013488769531 
    0.0035600907  0.0094909667969 
    0.0035827664  0.0038757324219 
    0.0036054422  -0.0035705566406 
    0.0036281179  -0.011688232422 
    0.0036507937  -0.020202636719 
    0.0036734694  -0.028625488281 
    0.0036961451  -0.036712646484 
    0.0037188209  -0.044494628906 
    0.0037414966  -0.051727294922 
    0.0037641723   -0.05712890625 
    0.0037868481  -0.059967041016 
    0.0038095238  -0.059997558594 
    0.0038321995  -0.057464599609 
    0.0038548753  -0.052886962891 
     0.003877551  -0.047393798828 
    0.0039002268  -0.041595458984 
    0.0039229025  -0.035430908203 
    0.0039455782  -0.029449462891 
     0.003968254  -0.023498535156 
    0.0039909297  -0.018188476562 
    0.0040136054  -0.013793945312 
    0.0040362812  -0.010192871094 
    0.0040589569  -0.0077819824219 
    0.0040816327  -0.0066528320312 
    0.0041043084  -0.0074157714844 
    0.0041269841  -0.0096435546875 
    0.0041496599  -0.013305664062 
    0.0041723356  -0.017669677734 
    0.0041950113  -0.022766113281 
    0.0042176871  -0.028442382812 
    0.0042403628  -0.034332275391 
    0.0042630385  -0.040405273438 
    0.0042857143  -0.046051025391 
      0.00430839  -0.050933837891 
    0.0043310658  -0.055297851562 
    0.0043537415  -0.058959960938 
    0.0043764172  -0.061981201172 
     0.004399093  -0.064208984375 
    0.0044217687  -0.066162109375 
    0.0044444444  -0.067077636719 
    0.0044671202  -0.067138671875 
    0.0044897959  -0.065979003906 
    0.0045124717  -0.063903808594 
    0.0045351474  -0.060638427734 
    0.0045578231  -0.056335449219 
    0.0045804989  -0.050659179688 
    0.0046031746  -0.043548583984 
    0.0046258503  -0.035858154297 
    0.0046485261  -0.027557373047 
    0.0046712018  -0.019348144531 
    0.0046938776  -0.011688232422 
    0.0047165533  -0.0051574707031 
     0.004739229  -0.0001220703125 
    0.0047619048  0.0030822753906 
    0.0047845805    0.00439453125 
    0.0048072562  0.0038452148438 
     0.004829932  0.0017395019531 
    0.0048526077  -0.0018310546875 
    0.0048752834  -0.0065612792969 
    0.0048979592  -0.011871337891 
    0.0049206349  -0.017150878906 
    0.0049433107  -0.022491455078 
    0.0049659864  -0.026733398438 
    0.0049886621  -0.029968261719 
    0.0050113379  -0.031646728516 
    0.0050340136  -0.031799316406 
    0.0050566893  -0.030609130859 
    0.0050793651  -0.028106689453 
    0.0051020408  -0.024597167969 
    0.0051247166  -0.020385742188 
    0.0051473923  -0.015563964844 
     0.005170068  -0.010467529297 
    0.0051927438  -0.0052795410156 
    0.0052154195  -0.00015258789062 
    0.0052380952  0.0050354003906 
     0.005260771  0.0097961425781 
    0.0052834467   0.013580322266 
    0.0053061224   0.016754150391 
    0.0053287982   0.019287109375 
    0.0053514739   0.021118164062 
    0.0053741497   0.022674560547 
    0.0053968254   0.024322509766 
    0.0054195011   0.025329589844 
    0.0054421769   0.025482177734 
    0.0054648526   0.024871826172 
    0.0054875283   0.023468017578 
    0.0055102041   0.021392822266 
    0.0055328798   0.019165039062 
    0.0055555556   0.016632080078 
    0.0055782313   0.014099121094 
     0.005600907   0.010559082031 
    0.0056235828  0.0061645507812 
    0.0056462585  0.00018310546875 
    0.0056689342  -0.0070190429688 
      0.00569161  -0.015380859375 
    0.0057142857  -0.025024414062 
    0.0057369615  -0.035339355469 
    0.0057596372  -0.046569824219 
    0.0057823129  -0.057708740234 
    0.0058049887  -0.068725585938 
    0.0058276644  -0.078796386719 
    0.0058503401  -0.087005615234 
    0.0058730159  -0.092529296875 
    0.0058956916  -0.094573974609 
    0.0059183673  -0.092620849609 
    0.0059410431  -0.086853027344 
    0.0059637188  -0.077789306641 
    0.0059863946  -0.065826416016 
    0.0060090703  -0.051696777344 
     0.006031746    -0.0361328125 
