; Sample Rate 44100
; Channels 1
               0  -0.0098876953125 
   2.2675737e-05  0.0093994140625 
   4.5351474e-05    0.02880859375 
   6.8027211e-05         0.046875 
   9.0702948e-05     0.0634765625 
   0.00011337868   0.077850341797 
   0.00013605442   0.089477539062 
   0.00015873016   0.098907470703 
    0.0001814059    0.10623168945 
   0.00020408163    0.11209106445 
   0.00022675737    0.11624145508 
   0.00024943311     0.1184387207 
   0.00027210884    0.11877441406 
   0.00029478458    0.11703491211 
   0.00031746032    0.11325073242 
   0.00034013605    0.10748291016 
   0.00036281179    0.10003662109 
   0.00038548753   0.090606689453 
   0.00040816327   0.079650878906 
     0.000430839   0.067840576172 
   0.00045351474   0.055603027344 
   0.00047619048   0.043029785156 
   0.00049886621   0.030670166016 
   0.00052154195   0.018951416016 
   0.00054421769  0.0084533691406 
   0.00056689342  -0.00067138671875 
   0.00058956916  -0.008544921875 
    0.0006122449  -0.015777587891 
   0.00063492063  -0.022552490234 
   0.00065759637  -0.029479980469 
   0.00068027211  -0.036346435547 
   0.00070294785  -0.043151855469 
   0.00072562358   -0.04931640625 
   0.00074829932  -0.054290771484 
   0.00077097506  -0.058227539062 
   0.00079365079  -0.060821533203 
   0.00081632653  -0.061065673828 
   0.00083900227  -0.058441162109 
     0.000861678  -0.052612304688 
   0.00088435374  -0.043029785156 
   0.00090702948  -0.028930664062 
   0.00092970522  -0.010681152344 
   0.00095238095   0.011413574219 
   0.00097505669    0.03759765625 
   0.00099773243   0.067169189453 
    0.0010204082   0.099212646484 
    0.0010430839    0.13265991211 
    0.0010657596    0.16644287109 
    0.0010884354    0.19866943359 
    0.0011111111    0.22747802734 
    0.0011337868    0.25073242188 
    0.0011564626    0.26586914062 
    0.0011791383    0.27139282227 
    0.0012018141    0.26696777344 
    0.0012244898    0.25350952148 
    0.0012471655    0.23187255859 
    0.0012698413    0.20388793945 
     0.001292517    0.17190551758 
    0.0013151927     0.1374206543 
    0.0013378685     0.1028137207 
    0.0013605442   0.069641113281 
      0.00138322   0.039520263672 
    0.0014058957   0.013641357422 
    0.0014285714  -0.0069580078125 
    0.0014512472  -0.021606445312 
    0.0014739229  -0.029266357422 
    0.0014965986  -0.030487060547 
    0.0015192744  -0.025543212891 
    0.0015419501  -0.015838623047 
    0.0015646259  -0.0025634765625 
    0.0015873016   0.012908935547 
    0.0016099773   0.029693603516 
    0.0016326531   0.046478271484 
    0.0016553288           0.0625 
    0.0016780045   0.078155517578 
    0.0017006803   0.092864990234 
     0.001723356    0.10626220703 
    0.0017460317    0.11822509766 
    0.0017687075    0.12857055664 
    0.0017913832    0.13696289062 
     0.001814059      0.142578125 
    0.0018367347    0.14541625977 
    0.0018594104    0.14517211914 
    0.0018820862    0.14141845703 
    0.0019047619    0.13369750977 
    0.0019274376    0.12133789062 
    0.0019501134    0.10412597656 
    0.0019727891    0.08154296875 
    0.0019954649   0.054321289062 
    0.0020181406   0.023376464844 
    0.0020408163  -0.0084838867188 
    0.0020634921       -0.0390625 
    0.0020861678  -0.066497802734 
    0.0021088435  -0.088958740234 
    0.0021315193   -0.10510253906 
     0.002154195   -0.11471557617 
    0.0021768707   -0.11734008789 
    0.0021995465   -0.11325073242 
    0.0022222222   -0.10366821289 
     0.002244898  -0.090209960938 
    0.0022675737  -0.074523925781 
    0.0022902494  -0.058288574219 
    0.0023129252  -0.042694091797 
    0.0023356009  -0.029449462891 
    0.0023582766  -0.019287109375 
    0.0023809524  -0.013336181641 
    0.0024036281  -0.011352539062 
    0.0024263039  -0.013366699219 
    0.0024489796  -0.019104003906 
    0.0024716553  -0.026916503906 
    0.0024943311  -0.035919189453 
    0.0025170068   -0.04443359375 
    0.0025396825  -0.050811767578 
    0.0025623583  -0.054534912109 
     0.002585034  -0.054840087891 
    0.0026077098   -0.05224609375 
    0.0026303855  -0.047027587891 
    0.0026530612  -0.040374755859 
     0.002675737  -0.033233642578 
    0.0026984127  -0.025909423828 
    0.0027210884  -0.018890380859 
    0.0027437642  -0.013214111328 
    0.0027664399  -0.0090026855469 
    0.0027891156  -0.0066833496094 
    0.0028117914  -0.0072021484375 
    0.0028344671  -0.0093688964844 
    0.0028571429  -0.013427734375 
    0.0028798186   -0.01904296875 
    0.0029024943  -0.025482177734 
    0.0029251701  -0.032623291016 
    0.0029478458  -0.039825439453 
    0.0029705215  -0.046325683594 
    0.0029931973  -0.051727294922 
     0.003015873  -0.056427001953 
    0.0030385488  -0.059753417969 
    0.0030612245  -0.062225341797 
    0.0030839002  -0.064086914062 
     0.003106576  -0.065032958984 
    0.0031292517  -0.065765380859 
    0.0031519274  -0.065795898438 
    0.0031746032  -0.065521240234 
    0.0031972789  -0.064544677734 
    0.0032199546  -0.062835693359 
    0.0032426304  -0.060089111328 
    0.0032653061  -0.055999755859 
    0.0032879819  -0.050384521484 
    0.0033106576  -0.043151855469 
    0.0033333333  -0.034759521484 
    0.0033560091  -0.025177001953 
    0.0033786848  -0.015472412109 
    0.0034013605  -0.0056457519531 
    0.0034240363  0.0034790039062 
     0.003446712   0.011627197266 
    0.0034693878   0.017791748047 
    0.0034920635   0.021392822266 
    0.0035147392   0.022735595703 
     0.003537415   0.020904541016 
    0.0035600907   0.016571044922 
    0.0035827664  0.0099487304688 
    0.0036054422  0.0017395019531 
    0.0036281179  -0.0075988769531 
    0.0036507937  -0.017730712891 
    0.0036734694  -0.028259277344 
    0.0036961451  -0.038391113281 
    0.0037188209  -0.048004150391 
    0.0037414966  -0.056732177734 
    0.0037641723  -0.063232421875 
    0.0037868481  -0.066650390625 
    0.0038095238   -0.06689453125 
    0.0038321995  -0.064086914062 
    0.0038548753  -0.059173583984 
     0.003877551  -0.052917480469 
    0.0039002268  -0.046081542969 
    0.0039229025  -0.039123535156 
    0.0039455782  -0.032409667969 
     0.003968254  -0.025695800781 
    0.0039909297  -0.019744873047 
    0.0040136054  -0.014038085938 
    0.0040362812  -0.0098571777344 
    0.0040589569  -0.0069274902344 
    0.0040816327  -0.0054321289062 
    0.0041043084  -0.005126953125 
    0.0041269841  -0.0062866210938 
    0.0041496599  -0.0085144042969 
    0.0041723356  -0.012054443359 
    0.0041950113  -0.016357421875 
    0.0042176871   -0.02099609375 
    0.0042403628    -0.0263671875 
    0.0042630385  -0.032257080078 
    0.0042857143  -0.038879394531 
      0.00430839  -0.045654296875 
    0.0043310658  -0.052703857422 
    0.0043537415  -0.059478759766 
    0.0043764172  -0.066284179688 
     0.004399093  -0.072418212891 
    0.0044217687  -0.077697753906 
    0.0044444444  -0.081329345703 
    0.0044671202  -0.082977294922 
    0.0044897959  -0.082763671875 
    0.0045124717  -0.080291748047 
    0.0045351474  -0.075622558594 
    0.0045578231  -0.068786621094 
    0.0045804989  -0.059997558594 
    0.0046031746  -0.049255371094 
    0.0046258503  -0.037567138672 
    0.0046485261  -0.025451660156 
    0.0046712018  -0.013519287109 
    0.0046938776  -0.0028381347656 
    0.0047165533  0.0061340332031 
     0.004739229   0.013275146484 
    0.0047619048   0.017883300781 
    0.0047845805   0.020080566406 
    0.0048072562   0.018951416016 
     0.004829932   0.015472412109 
    0.0048526077  0.0096130371094 
    0.0048752834  0.0020446777344 
    0.0048979592   -0.00634765625 
    0.0049206349  -0.015319824219 
    0.0049433107  -0.023376464844 
    0.0049659864  -0.030456542969 
    0.0049886621  -0.035736083984 
    0.0050113379  -0.038665771484 
    0.0050340136  -0.039916992188 
    0.0050566893  -0.039459228516 
    0.0050793651  -0.037384033203 
    0.0051020408  -0.033874511719 
    0.0051247166  -0.029113769531 
    0.0051473923  -0.023620605469 
     0.005170068  -0.017730712891 
    0.0051927438  -0.012084960938 
    0.0052154195  -0.0065307617188 
    0.0052380952  -0.00070190429688 
     0.005260771  0.0042114257812 
    0.0052834467  0.0083312988281 
    0.0053061224   0.011352539062 
    0.0053287982   0.013336181641 
    0.0053514739   0.015777587891 
    0.0053741497    0.01806640625 
    0.0053968254   0.020446777344 
    0.0054195011   0.023193359375 
    0.0054421769   0.025085449219 
    0.0054648526   0.026733398438 
    0.0054875283   0.027740478516 
    0.0055102041   0.028167724609 
    0.0055328798    0.02783203125 
    0.0055555556   0.026672363281 
    0.0055782313   0.024505615234 
     0.005600907   0.020843505859 
    0.0056235828   0.015686035156 
    0.0056462585  0.0086669921875 
    0.0056689342  -0.00027465820312 
      0.00569161  -0.011016845703 
    0.0057142857  -0.023681640625 
    0.0057369615  -0.037139892578 
    0.0057596372  -0.051788330078 
    0.0057823129  -0.066467285156 
    0.0058049887  -0.080444335938 
    0.0058276644  -0.092315673828 
    0.0058503401   -0.10153198242 
    0.0058730159   -0.10699462891 
    0.0058956916   -0.10855102539 
    0.0059183673   -0.10568237305 
    0.0059410431  -0.099029541016 
    0.0059637188  -0.089202880859 
    0.0059863946  -0.076751708984 
    0.0060090703  -0.062622070312 
     0.006031746  -0.046997070312 
    0.0060544218  -0.030364990234 
