; Sample Rate 44100
; Channels 1
               0  -0.0053405761719 
   2.2675737e-05   0.012634277344 
   4.5351474e-05     0.0302734375 
   6.8027211e-05   0.046783447266 
   9.0702948e-05   0.061828613281 
   0.00011337868   0.074645996094 
   0.00013605442   0.085174560547 
   0.00015873016   0.093231201172 
    0.0001814059    0.09912109375 
   0.00020408163    0.10287475586 
   0.00022675737    0.10525512695 
   0.00024943311    0.10571289062 
   0.00027210884    0.10501098633 
   0.00029478458     0.1025390625 
   0.00031746032   0.098754882812 
   0.00034013605   0.093902587891 
   0.00036281179   0.087707519531 
   0.00038548753   0.080474853516 
   0.00040816327    0.07177734375 
     0.000430839   0.062622070312 
   0.00045351474   0.052917480469 
   0.00047619048   0.044128417969 
   0.00049886621   0.036163330078 
   0.00052154195   0.028472900391 
   0.00054421769   0.020843505859 
   0.00056689342   0.013031005859 
   0.00058956916  0.0054016113281 
    0.0006122449  -0.0022888183594 
   0.00063492063  -0.010772705078 
   0.00065759637  -0.019561767578 
   0.00068027211  -0.028869628906 
   0.00070294785  -0.037689208984 
   0.00072562358   -0.04541015625 
   0.00074829932  -0.051849365234 
   0.00077097506  -0.056427001953 
   0.00079365079  -0.059478759766 
   0.00081632653   -0.06005859375 
   0.00083900227  -0.058197021484 
     0.000861678  -0.052612304688 
   0.00088435374  -0.043029785156 
   0.00090702948  -0.029815673828 
   0.00092970522  -0.012420654297 
   0.00095238095  0.0093383789062 
   0.00097505669   0.034515380859 
   0.00099773243    0.06298828125 
    0.0010204082   0.094055175781 
    0.0010430839     0.1262512207 
    0.0010657596    0.15875244141 
    0.0010884354    0.19006347656 
    0.0011111111    0.21893310547 
    0.0011337868    0.24243164062 
    0.0011564626    0.25869750977 
    0.0011791383     0.2658996582 
    0.0012018141    0.26354980469 
    0.0012244898    0.25198364258 
    0.0012471655    0.23233032227 
    0.0012698413    0.20565795898 
     0.001292517     0.1741027832 
    0.0013151927    0.13973999023 
    0.0013378685    0.10446166992 
    0.0013605442   0.070037841797 
      0.00138322   0.038391113281 
    0.0014058957   0.011199951172 
    0.0014285714  -0.010589599609 
    0.0014512472  -0.025848388672 
    0.0014739229  -0.034088134766 
    0.0014965986  -0.035491943359 
    0.0015192744  -0.030578613281 
    0.0015419501  -0.020843505859 
    0.0015646259  -0.0070190429688 
    0.0015873016  0.0090942382812 
    0.0016099773   0.026428222656 
    0.0016326531   0.043487548828 
    0.0016553288   0.060150146484 
    0.0016780045   0.075836181641 
    0.0017006803   0.090454101562 
     0.001723356    0.10433959961 
    0.0017460317    0.11669921875 
    0.0017687075    0.12756347656 
    0.0017913832    0.13653564453 
     0.001814059    0.14300537109 
    0.0018367347    0.14697265625 
    0.0018594104    0.14739990234 
    0.0018820862    0.14389038086 
    0.0019047619    0.13598632812 
    0.0019274376    0.12286376953 
    0.0019501134    0.10473632812 
    0.0019727891   0.081207275391 
    0.0019954649   0.053344726562 
    0.0020181406   0.022430419922 
    0.0020408163  -0.0094604492188 
    0.0020634921  -0.040130615234 
    0.0020861678  -0.066955566406 
    0.0021088435  -0.089111328125 
    0.0021315193   -0.10537719727 
     0.002154195   -0.11502075195 
    0.0021768707   -0.11825561523 
    0.0021995465   -0.11532592773 
    0.0022222222   -0.10729980469 
     0.002244898  -0.095764160156 
    0.0022675737  -0.082122802734 
    0.0022902494  -0.067901611328 
    0.0023129252   -0.05419921875 
    0.0023356009    -0.0419921875 
    0.0023582766  -0.031890869141 
    0.0023809524  -0.024810791016 
    0.0024036281  -0.020751953125 
    0.0024263039  -0.019897460938 
    0.0024489796  -0.021148681641 
    0.0024716553  -0.024230957031 
    0.0024943311  -0.028594970703 
    0.0025170068  -0.033172607422 
    0.0025396825     -0.037109375 
    0.0025623583  -0.039703369141 
     0.002585034  -0.040435791016 
    0.0026077098  -0.039672851562 
    0.0026303855  -0.037628173828 
    0.0026530612  -0.035064697266 
     0.002675737  -0.032043457031 
    0.0026984127  -0.029113769531 
    0.0027210884  -0.026580810547 
    0.0027437642  -0.024810791016 
    0.0027664399  -0.023773193359 
    0.0027891156  -0.024139404297 
    0.0028117914  -0.025634765625 
    0.0028344671  -0.028472900391 
    0.0028571429  -0.032409667969 
    0.0028798186  -0.036773681641 
    0.0029024943  -0.041687011719 
    0.0029251701  -0.046630859375 
    0.0029478458  -0.051116943359 
    0.0029705215  -0.054840087891 
    0.0029931973  -0.057464599609 
     0.003015873  -0.059020996094 
    0.0030385488  -0.059967041016 
    0.0030612245     -0.060546875 
    0.0030839002  -0.060668945312 
     0.003106576  -0.060424804688 
    0.0031292517  -0.059631347656 
    0.0031519274  -0.058288574219 
    0.0031746032  -0.056457519531 
    0.0031972789  -0.054107666016 
    0.0032199546  -0.051330566406 
    0.0032426304   -0.04833984375 
    0.0032653061  -0.044219970703 
    0.0032879819  -0.039123535156 
    0.0033106576  -0.033081054688 
    0.0033333333  -0.026000976562 
    0.0033560091  -0.018005371094 
    0.0033786848  -0.010192871094 
    0.0034013605  -0.0026245117188 
    0.0034240363  0.0048522949219 
     0.003446712   0.010833740234 
    0.0034693878   0.015441894531 
    0.0034920635   0.018157958984 
    0.0035147392   0.018524169922 
     0.003537415   0.016510009766 
    0.0035600907   0.011901855469 
    0.0035827664  0.0054626464844 
    0.0036054422  -0.0025939941406 
    0.0036281179  -0.011199951172 
    0.0036507937  -0.020050048828 
    0.0036734694   -0.02880859375 
    0.0036961451   -0.03662109375 
    0.0037188209  -0.044097900391 
    0.0037414966  -0.051025390625 
    0.0037641723  -0.056854248047 
    0.0037868481  -0.060852050781 
    0.0038095238   -0.06201171875 
    0.0038321995  -0.060424804688 
    0.0038548753  -0.056579589844 
     0.003877551  -0.051239013672 
    0.0039002268  -0.044830322266 
    0.0039229025  -0.038421630859 
    0.0039455782  -0.031921386719 
     0.003968254  -0.025268554688 
    0.0039909297   -0.01904296875 
    0.0040136054  -0.013580322266 
    0.0040362812  -0.0087585449219 
    0.0040589569  -0.0045471191406 
    0.0040816327  -0.0018920898438 
    0.0041043084  -0.00057983398438 
    0.0041269841  -0.0013122558594 
    0.0041496599  -0.0040588378906 
    0.0041723356  -0.0088195800781 
    0.0041950113  -0.015167236328 
    0.0042176871  -0.022064208984 
    0.0042403628  -0.029876708984 
    0.0042630385  -0.037445068359 
    0.0042857143  -0.045013427734 
      0.00430839  -0.052001953125 
    0.0043310658  -0.058197021484 
    0.0043537415  -0.063415527344 
    0.0043764172  -0.067596435547 
     0.004399093  -0.070617675781 
    0.0044217687  -0.072357177734 
    0.0044444444  -0.072998046875 
    0.0044671202  -0.072143554688 
    0.0044897959  -0.070190429688 
    0.0045124717  -0.066925048828 
    0.0045351474  -0.062316894531 
    0.0045578231     -0.056640625 
    0.0045804989  -0.050079345703 
    0.0046031746  -0.042388916016 
    0.0046258503  -0.033843994141 
    0.0046485261  -0.024932861328 
    0.0046712018  -0.016204833984 
    0.0046938776  -0.0082702636719 
    0.0047165533  -0.00088500976562 
     0.004739229  0.0048217773438 
    0.0047619048  0.0085144042969 
    0.0047845805   0.010375976562 
    0.0048072562   0.010040283203 
     0.004829932   0.007568359375 
    0.0048526077  0.0030822753906 
    0.0048752834  -0.0027770996094 
    0.0048979592  -0.0093383789062 
    0.0049206349  -0.016967773438 
    0.0049433107  -0.024200439453 
    0.0049659864  -0.030059814453 
    0.0049886621  -0.034271240234 
    0.0050113379  -0.036804199219 
    0.0050340136  -0.037322998047 
    0.0050566893  -0.036285400391 
    0.0050793651  -0.033874511719 
    0.0051020408  -0.030212402344 
    0.0051247166  -0.025482177734 
    0.0051473923  -0.019744873047 
     0.005170068  -0.013336181641 
    0.0051927438  -0.0068969726562 
    0.0052154195  -0.00030517578125 
    0.0052380952  0.0059509277344 
     0.005260771   0.011657714844 
    0.0052834467   0.016296386719 
    0.0053061224   0.020141601562 
    0.0053287982   0.023345947266 
    0.0053514739   0.025909423828 
    0.0053741497   0.028106689453 
    0.0053968254   0.030303955078 
    0.0054195011   0.032135009766 
    0.0054421769   0.032592773438 
    0.0054648526   0.032196044922 
    0.0054875283   0.030670166016 
    0.0055102041   0.028747558594 
    0.0055328798   0.025787353516 
    0.0055555556   0.022003173828 
    0.0055782313   0.017852783203 
     0.005600907   0.012878417969 
    0.0056235828  0.0065307617188 
    0.0056462585  -0.00094604492188 
    0.0056689342  -0.0095825195312 
      0.00569161  -0.019439697266 
    0.0057142857  -0.030181884766 
    0.0057369615  -0.041625976562 
    0.0057596372  -0.053771972656 
    0.0057823129  -0.065704345703 
    0.0058049887  -0.077362060547 
    0.0058276644  -0.087707519531 
    0.0058503401  -0.096038818359 
    0.0058730159    -0.1012878418 
    0.0058956916   -0.10296630859 
    0.0059183673   -0.10104370117 
    0.0059410431  -0.095428466797 
    0.0059637188  -0.086608886719 
    0.0059863946  -0.074798583984 
    0.0060090703  -0.060974121094 
     0.006031746  -0.045318603516 
    0.0060544218  -0.028686523438 
    0.0060770975  -0.011016845703 
