; Sample Rate 44100
; Channels 1
               0  -0.041931152344 
   2.2675737e-05   0.028564453125 
   4.5351474e-05   0.098358154297 
   6.8027211e-05    0.14926147461 
   9.0702948e-05       0.17578125 
   0.00011337868    0.19268798828 
   0.00013605442    0.21597290039 
   0.00015873016      0.244140625 
    0.0001814059    0.25946044922 
   0.00020408163    0.24624633789 
   0.00022675737    0.21044921875 
   0.00024943311    0.16647338867 
   0.00027210884    0.12091064453 
   0.00029478458   0.074188232422 
   0.00031746032   0.025299072266 
   0.00034013605  -0.020782470703 
   0.00036281179  -0.056427001953 
   0.00038548753  -0.079650878906 
   0.00040816327      -0.09765625 
     0.000430839    -0.1139831543 
   0.00045351474   -0.12789916992 
   0.00047619048   -0.13204956055 
   0.00049886621   -0.11715698242 
   0.00052154195  -0.082946777344 
   0.00054421769  -0.042022705078 
   0.00056689342  -0.0061645507812 
   0.00058956916   0.022796630859 
    0.0006122449   0.049682617188 
   0.00063492063   0.073974609375 
   0.00065759637     0.0888671875 
   0.00068027211   0.089019775391 
   0.00070294785   0.070465087891 
   0.00072562358     0.0400390625 
   0.00074829932   0.016540527344 
   0.00077097506   0.011108398438 
   0.00079365079   0.013763427734 
   0.00081632653  0.0079956054688 
   0.00083900227  -0.011413574219 
     0.000861678  -0.041473388672 
   0.00088435374  -0.070983886719 
   0.00090702948  -0.085296630859 
   0.00092970522  -0.081848144531 
   0.00095238095  -0.073364257812 
   0.00097505669  -0.063720703125 
   0.00099773243  -0.045135498047 
    0.0010204082  -0.011871337891 
    0.0010430839   0.027893066406 
    0.0010657596   0.058227539062 
    0.0010884354   0.073425292969 
    0.0011111111   0.074890136719 
    0.0011337868    0.06884765625 
    0.0011564626    0.06201171875 
    0.0011791383   0.052490234375 
    0.0012018141   0.033081054688 
    0.0012244898  0.0014038085938 
    0.0012471655  -0.035308837891 
    0.0012698413  -0.076080322266 
     0.001292517   -0.12158203125 
    0.0013151927   -0.16580200195 
    0.0013378685   -0.19631958008 
    0.0013605442    -0.2073059082 
      0.00138322   -0.20208740234 
    0.0014058957   -0.18994140625 
    0.0014285714   -0.18276977539 
    0.0014512472   -0.18615722656 
    0.0014739229   -0.19555664062 
    0.0014965986   -0.20236206055 
    0.0015192744   -0.19583129883 
    0.0015419501   -0.17318725586 
    0.0015646259   -0.14791870117 
    0.0015873016   -0.13845825195 
    0.0016099773   -0.14868164062 
    0.0016326531   -0.16809082031 
    0.0016553288   -0.19107055664 
    0.0016780045   -0.22332763672 
    0.0017006803   -0.26583862305 
     0.001723356   -0.30914306641 
    0.0017460317   -0.34292602539 
    0.0017687075   -0.36373901367 
    0.0017913832   -0.37991333008 
     0.001814059    -0.4052734375 
    0.0018367347   -0.43920898438 
    0.0018594104   -0.47323608398 
    0.0018820862    -0.4963684082 
    0.0019047619   -0.50106811523 
    0.0019274376   -0.49575805664 
    0.0019501134   -0.49224853516 
    0.0019727891   -0.49401855469 
    0.0019954649   -0.48968505859 
    0.0020181406   -0.46835327148 
    0.0020408163   -0.43099975586 
    0.0020634921   -0.38629150391 
    0.0020861678   -0.34124755859 
    0.0021088435   -0.29345703125 
    0.0021315193   -0.24078369141 
     0.002154195   -0.18212890625 
    0.0021768707    -0.1227722168 
    0.0021995465  -0.076446533203 
    0.0022222222  -0.052276611328 
     0.002244898  -0.046142578125 
    0.0022675737  -0.048675537109 
    0.0022902494  -0.052093505859 
    0.0023129252  -0.051910400391 
    0.0023356009  -0.051116943359 
    0.0023582766  -0.053771972656 
    0.0023809524    -0.0634765625 
    0.0024036281  -0.082122802734 
    0.0024263039   -0.10852050781 
    0.0024489796   -0.13778686523 
    0.0024716553   -0.16250610352 
    0.0024943311   -0.17642211914 
    0.0025170068   -0.17462158203 
    0.0025396825   -0.15557861328 
    0.0025623583   -0.12042236328 
     0.002585034    -0.0751953125 
    0.0026077098  -0.026184082031 
    0.0026303855   0.025268554688 
    0.0026530612   0.083862304688 
     0.002675737    0.15286254883 
    0.0026984127    0.22805786133 
    0.0027210884    0.29580688477 
    0.0027437642    0.34664916992 
    0.0027664399    0.37948608398 
    0.0027891156    0.39587402344 
    0.0028117914    0.39498901367 
    0.0028344671    0.37313842773 
    0.0028571429    0.33044433594 
    0.0028798186    0.27651977539 
    0.0029024943    0.22695922852 
    0.0029251701    0.18698120117 
    0.0029478458    0.14828491211 
    0.0029705215   0.096801757812 
    0.0029931973   0.029418945312 
     0.003015873   -0.03955078125 
    0.0030385488  -0.089660644531 
    0.0030612245   -0.10733032227 
    0.0030839002   -0.10162353516 
     0.003106576  -0.086975097656 
    0.0031292517  -0.069519042969 
    0.0031519274  -0.042114257812 
    0.0031746032  0.0077819824219 
    0.0031972789     0.0771484375 
    0.0032199546    0.15167236328 
    0.0032426304    0.21725463867 
    0.0032653061    0.26788330078 
    0.0032879819    0.30627441406 
    0.0033106576    0.33560180664 
    0.0033333333    0.36154174805 
    0.0033560091    0.38830566406 
    0.0033786848    0.41580200195 
    0.0034013605    0.44259643555 
    0.0034240363    0.46646118164 
     0.003446712    0.48306274414 
    0.0034693878    0.48831176758 
    0.0034920635    0.48455810547 
    0.0035147392    0.47940063477 
     0.003537415    0.48593139648 
    0.0035600907     0.5087890625 
    0.0035827664     0.5393371582 
    0.0036054422     0.5622253418 
    0.0036281179    0.56896972656 
    0.0036507937    0.56561279297 
    0.0036734694    0.56695556641 
    0.0036961451    0.58282470703 
    0.0037188209    0.60559082031 
    0.0037414966    0.61624145508 
    0.0037641723    0.60525512695 
    0.0037868481    0.57989501953 
    0.0038095238    0.55517578125 
    0.0038321995    0.54000854492 
    0.0038548753    0.53305053711 
     0.003877551    0.52648925781 
    0.0039002268    0.51672363281 
    0.0039229025    0.50839233398 
    0.0039455782    0.50433349609 
     0.003968254    0.50811767578 
    0.0039909297    0.51892089844 
    0.0040136054    0.53005981445 
    0.0040362812    0.53814697266 
    0.0040589569    0.54202270508 
    0.0040816327    0.54135131836 
    0.0041043084    0.53421020508 
    0.0041269841    0.51452636719 
    0.0041496599    0.47894287109 
    0.0041723356    0.42922973633 
    0.0041950113    0.36877441406 
    0.0042176871    0.30065917969 
    0.0042403628     0.2229309082 
    0.0042630385    0.13650512695 
    0.0042857143   0.055419921875 
      0.00430839  -0.0045471191406 
    0.0043310658   -0.04248046875 
    0.0043537415  -0.075317382812 
    0.0043764172   -0.11651611328 
     0.004399093   -0.16397094727 
    0.0044217687   -0.20297241211 
    0.0044444444   -0.21862792969 
    0.0044671202   -0.20904541016 
    0.0044897959   -0.18634033203 
    0.0045124717    -0.1657409668 
    0.0045351474   -0.14596557617 
    0.0045578231   -0.11624145508 
    0.0045804989  -0.071807861328 
    0.0046031746  -0.024230957031 
    0.0046258503     0.0146484375 
    0.0046485261   0.045532226562 
    0.0046712018   0.080383300781 
    0.0046938776    0.13043212891 
    0.0047165533    0.18997192383 
     0.004739229     0.2392578125 
    0.0047619048    0.26501464844 
    0.0047845805    0.27032470703 
    0.0048072562     0.2668762207 
     0.004829932    0.26812744141 
    0.0048526077    0.28146362305 
    0.0048752834    0.30047607422 
    0.0048979592    0.31433105469 
    0.0049206349    0.32040405273 
    0.0049433107    0.32339477539 
    0.0049659864    0.32904052734 
    0.0049886621    0.33889770508 
    0.0050113379    0.34967041016 
    0.0050340136    0.35754394531 
    0.0050566893    0.36315917969 
    0.0050793651     0.3752746582 
    0.0051020408    0.40069580078 
    0.0051247166    0.43139648438 
    0.0051473923    0.45462036133 
     0.005170068    0.46694946289 
    0.0051927438    0.47286987305 
    0.0052154195    0.47290039062 
    0.0052380952    0.46643066406 
     0.005260771    0.45394897461 
    0.0052834467     0.4387512207 
    0.0053061224    0.42456054688 
    0.0053287982    0.41076660156 
    0.0053514739    0.38629150391 
    0.0053741497     0.3385925293 
    0.0053968254      0.267578125 
    0.0054195011    0.18560791016 
    0.0054421769     0.1037902832 
    0.0054648526   0.022491455078 
    0.0054875283  -0.058074951172 
    0.0055102041   -0.13714599609 
    0.0055328798   -0.21478271484 
    0.0055555556   -0.28558349609 
    0.0055782313   -0.33840942383 
     0.005600907   -0.36642456055 
    0.0056235828   -0.37783813477 
    0.0056462585   -0.39123535156 
    0.0056689342   -0.41619873047 
      0.00569161   -0.44305419922 
    0.0057142857   -0.45092773438 
    0.0057369615   -0.43463134766 
    0.0057596372   -0.40655517578 
    0.0057823129   -0.38220214844 
    0.0058049887   -0.37243652344 
    0.0058276644   -0.38046264648 
    0.0058503401    -0.3996887207 
    0.0058730159   -0.41839599609 
    0.0058956916     -0.431640625 
    0.0059183673   -0.44772338867 
    0.0059410431   -0.47216796875 
    0.0059637188   -0.50134277344 
    0.0059863946    -0.5280456543 
    0.0060090703   -0.54986572266 
     0.006031746   -0.57110595703 
    0.0060544218    -0.5973815918 
    0.0060770975   -0.62701416016 
    0.0060997732   -0.64865112305 
     0.006122449   -0.65219116211 
    0.0061451247   -0.63586425781 
    0.0061678005    -0.6064453125 
    0.0061904762   -0.57293701172 
    0.0062131519   -0.54037475586 
    0.0062358277   -0.51470947266 
    0.0062585034   -0.49612426758 
    0.0062811791   -0.47882080078 
    0.0063038549   -0.45684814453 
    0.0063265306   -0.43350219727 
    0.0063492063   -0.41491699219 
    0.0063718821   -0.40200805664 
    0.0063945578   -0.39260864258 
    0.0064172336   -0.38760375977 
    0.0064399093    -0.3889465332 
     0.006462585    -0.3952331543 
    0.0064852608   -0.40338134766 
    0.0065079365   -0.41174316406 
    0.0065306122   -0.42010498047 
     0.006553288   -0.42306518555 
    0.0065759637   -0.41152954102 
    0.0065986395   -0.37838745117 
    0.0066213152   -0.32781982422 
    0.0066439909   -0.27395629883 
    0.0066666667   -0.22811889648 
    0.0066893424   -0.19201660156 
    0.0067120181   -0.15274047852 
    0.0067346939  -0.099212646484 
    0.0067573696  -0.032287597656 
