; Sample Rate 44100
; Channels 1
               0     -0.052734375 
   2.2675737e-05   0.031402587891 
   4.5351474e-05    0.11563110352 
   6.8027211e-05    0.18933105469 
   9.0702948e-05    0.24618530273 
   0.00011337868    0.29254150391 
   0.00013605442    0.33386230469 
   0.00015873016    0.35598754883 
    0.0001814059    0.33572387695 
   0.00020408163    0.27017211914 
   0.00022675737    0.19134521484 
   0.00024943311    0.13821411133 
   0.00027210884    0.11380004883 
   0.00029478458   0.081451416016 
   0.00031746032   0.017120361328 
   0.00034013605  -0.060211181641 
   0.00036281179   -0.10736083984 
   0.00038548753   -0.10632324219 
   0.00040816327  -0.082366943359 
     0.000430839  -0.067657470703 
   0.00045351474  -0.071136474609 
   0.00047619048  -0.073547363281 
   0.00049886621  -0.051391601562 
   0.00052154195  -0.00076293945312 
   0.00054421769   0.052947998047 
   0.00056689342   0.076599121094 
   0.00058956916   0.066589355469 
    0.0006122449    0.04931640625 
   0.00063492063   0.047332763672 
   0.00065759637   0.061187744141 
   0.00068027211    0.07958984375 
   0.00070294785   0.090942382812 
   0.00072562358   0.090393066406 
   0.00074829932   0.082763671875 
   0.00077097506   0.075286865234 
   0.00079365079   0.068115234375 
   0.00081632653   0.056396484375 
   0.00083900227   0.043884277344 
     0.000861678   0.044158935547 
   0.00088435374   0.066925048828 
   0.00090702948    0.11306762695 
   0.00092970522    0.17126464844 
   0.00095238095    0.22109985352 
   0.00097505669    0.24905395508 
   0.00099773243    0.25952148438 
    0.0010204082    0.26675415039 
    0.0010430839    0.28115844727 
    0.0010657596    0.29620361328 
    0.0010884354    0.29733276367 
    0.0011111111    0.27923583984 
    0.0011337868    0.25115966797 
    0.0011564626    0.22393798828 
    0.0011791383    0.19900512695 
    0.0012018141    0.17083740234 
    0.0012244898    0.13934326172 
    0.0012471655    0.11538696289 
    0.0012698413    0.10488891602 
     0.001292517   0.094360351562 
    0.0013151927   0.061157226562 
    0.0013378685  -0.0052795410156 
    0.0013605442  -0.093933105469 
      0.00138322   -0.17086791992 
    0.0014058957   -0.20776367188 
    0.0014285714   -0.21240234375 
    0.0014512472    -0.2170715332 
    0.0014739229   -0.25024414062 
    0.0014965986   -0.30694580078 
    0.0015192744   -0.35153198242 
    0.0015419501   -0.35757446289 
    0.0015646259   -0.33319091797 
    0.0015873016   -0.30615234375 
    0.0016099773   -0.29669189453 
    0.0016326531   -0.29891967773 
    0.0016553288   -0.29089355469 
    0.0016780045    -0.2649230957 
    0.0017006803   -0.23522949219 
     0.001723356   -0.22015380859 
    0.0017460317    -0.2197265625 
    0.0017687075    -0.2174987793 
    0.0017913832   -0.20629882812 
     0.001814059   -0.20205688477 
    0.0018367347   -0.22213745117 
    0.0018594104   -0.26229858398 
    0.0018820862    -0.3039855957 
    0.0019047619   -0.33135986328 
    0.0019274376   -0.34649658203 
    0.0019501134   -0.36233520508 
    0.0019727891   -0.38342285156 
    0.0019954649   -0.39993286133 
    0.0020181406   -0.40170288086 
    0.0020408163   -0.38226318359 
    0.0020634921   -0.34353637695 
    0.0020861678   -0.30099487305 
    0.0021088435   -0.27288818359 
    0.0021315193   -0.26275634766 
     0.002154195   -0.25036621094 
    0.0021768707   -0.21377563477 
    0.0021995465    -0.1510925293 
    0.0022222222      -0.08203125 
     0.002244898  -0.023620605469 
    0.0022675737   0.027984619141 
    0.0022902494   0.079864501953 
    0.0023129252    0.12130737305 
    0.0023356009    0.13217163086 
    0.0023582766    0.10693359375 
    0.0023809524       0.06640625 
    0.0024036281   0.038360595703 
    0.0024263039   0.031799316406 
    0.0024489796   0.031921386719 
    0.0024716553         0.015625 
    0.0024943311  -0.021240234375 
    0.0025170068  -0.060150146484 
    0.0025396825  -0.076141357422 
    0.0025623583  -0.059844970703 
     0.002585034  -0.021942138672 
    0.0026077098   0.015563964844 
    0.0026303855   0.037414550781 
    0.0026530612   0.050994873047 
     0.002675737   0.074340820312 
    0.0026984127    0.10900878906 
    0.0027210884    0.13403320312 
    0.0027437642    0.13665771484 
    0.0027664399    0.12396240234 
    0.0027891156    0.10882568359 
    0.0028117914   0.092620849609 
    0.0028344671   0.070251464844 
    0.0028571429   0.039245605469 
    0.0028798186  0.0012817382812 
    0.0029024943  -0.028778076172 
    0.0029251701  -0.035675048828 
    0.0029478458  -0.031188964844 
    0.0029705215  -0.041229248047 
    0.0029931973  -0.066925048828 
     0.003015873  -0.079437255859 
    0.0030385488   -0.05029296875 
    0.0030612245   0.022491455078 
    0.0030839002    0.11032104492 
     0.003106576    0.18392944336 
    0.0031292517    0.23425292969 
    0.0031519274    0.27130126953 
    0.0031746032    0.31359863281 
    0.0031972789    0.36749267578 
    0.0032199546     0.4192199707 
    0.0032426304    0.45013427734 
    0.0032653061     0.4587097168 
    0.0032879819    0.45751953125 
    0.0033106576    0.45358276367 
    0.0033333333    0.43716430664 
    0.0033560091    0.40103149414 
    0.0033786848    0.35595703125 
    0.0034013605    0.31939697266 
    0.0034240363    0.30438232422 
     0.003446712     0.3127746582 
    0.0034693878    0.33486938477 
    0.0034920635    0.36273193359 
    0.0035147392    0.39544677734 
     0.003537415    0.43505859375 
    0.0035600907    0.49032592773 
    0.0035827664    0.57507324219 
    0.0036054422    0.68405151367 
    0.0036281179    0.78939819336 
    0.0036507937    0.86959838867 
    0.0036734694    0.92834472656 
    0.0036961451      0.978515625 
    0.0037188209    0.99996948242 
    0.0037414966    0.99996948242 
    0.0037641723    0.99996948242 
    0.0037868481    0.99996948242 
    0.0038095238    0.99996948242 
    0.0038321995    0.97222900391 
    0.0038548753    0.88861083984 
     0.003877551    0.78842163086 
    0.0039002268    0.68588256836 
    0.0039229025    0.59646606445 
    0.0039455782    0.51605224609 
     0.003968254    0.42846679688 
    0.0039909297    0.32632446289 
    0.0040136054    0.22402954102 
    0.0040362812    0.14770507812 
    0.0040589569    0.10897827148 
    0.0040816327     0.0986328125 
    0.0041043084   0.097381591797 
    0.0041269841   0.089996337891 
    0.0041496599   0.067413330078 
    0.0041723356   0.041900634766 
    0.0041950113   0.041656494141 
    0.0042176871   0.080596923828 
    0.0042403628    0.13848876953 
    0.0042630385    0.17794799805 
    0.0042857143    0.18362426758 
      0.00430839    0.17489624023 
    0.0043310658    0.18246459961 
    0.0043537415    0.21194458008 
    0.0043764172    0.24673461914 
     0.004399093    0.27139282227 
    0.0044217687     0.2790222168 
    0.0044444444    0.27075195312 
    0.0044671202     0.2522277832 
    0.0044897959    0.22543334961 
    0.0045124717    0.19110107422 
    0.0045351474    0.15509033203 
    0.0045578231    0.12405395508 
    0.0045804989    0.10299682617 
    0.0046031746   0.091918945312 
    0.0046258503   0.087097167969 
    0.0046485261   0.089233398438 
    0.0046712018    0.10101318359 
    0.0046938776    0.12393188477 
    0.0047165533     0.1569519043 
     0.004739229    0.19891357422 
    0.0047619048    0.24960327148 
    0.0047845805    0.31176757812 
    0.0048072562    0.38473510742 
     0.004829932    0.45953369141 
    0.0048526077    0.52926635742 
    0.0048752834    0.59332275391 
    0.0048979592    0.65841674805 
    0.0049206349    0.72967529297 
    0.0049433107    0.80090332031 
    0.0049659864     0.8528137207 
    0.0049886621    0.87313842773 
    0.0050113379    0.86190795898 
    0.0050340136     0.8268737793 
    0.0050566893    0.78018188477 
    0.0050793651    0.73294067383 
    0.0051020408    0.69192504883 
    0.0051247166    0.64471435547 
    0.0051473923    0.56829833984 
     0.005170068    0.46176147461 
    0.0051927438    0.35025024414 
    0.0052154195    0.25942993164 
    0.0052380952    0.19711303711 
     0.005260771    0.14999389648 
    0.0052834467   0.097808837891 
    0.0053061224   0.035003662109 
    0.0053287982  -0.030822753906 
    0.0053514739  -0.094665527344 
    0.0053741497   -0.15411376953 
    0.0053968254   -0.21310424805 
    0.0054195011    -0.2815246582 
    0.0054421769   -0.36074829102 
    0.0054648526   -0.43753051758 
    0.0054875283   -0.50408935547 
    0.0055102041   -0.56680297852 
    0.0055328798   -0.63510131836 
    0.0055555556   -0.71084594727 
    0.0055782313   -0.77777099609 
     0.005600907   -0.81173706055 
    0.0056235828   -0.81311035156 
    0.0056462585   -0.80911254883 
    0.0056689342   -0.81747436523 
      0.00569161   -0.82928466797 
    0.0057142857   -0.83065795898 
    0.0057369615   -0.81423950195 
    0.0057596372   -0.78732299805 
    0.0057823129   -0.76873779297 
    0.0058049887   -0.77294921875 
    0.0058276644   -0.79159545898 
    0.0058503401    -0.8069152832 
    0.0058730159   -0.81594848633 
    0.0058956916   -0.82568359375 
    0.0059183673   -0.83670043945 
    0.0059410431   -0.84649658203 
    0.0059637188   -0.85940551758 
    0.0059863946   -0.87963867188 
    0.0060090703   -0.90725708008 
     0.006031746   -0.93753051758 
    0.0060544218   -0.95544433594 
    0.0060770975   -0.94619750977 
    0.0060997732   -0.90655517578 
     0.006122449   -0.84796142578 
    0.0061451247   -0.79165649414 
    0.0061678005   -0.75439453125 
    0.0061904762   -0.72964477539 
    0.0062131519   -0.69085693359 
    0.0062358277   -0.61395263672 
    0.0062585034   -0.50134277344 
    0.0062811791   -0.38708496094 
    0.0063038549   -0.31259155273 
    0.0063265306    -0.2907409668 
    0.0063492063   -0.30187988281 
    0.0063718821   -0.31884765625 
    0.0063945578   -0.32604980469 
    0.0064172336   -0.33364868164 
    0.0064399093   -0.35556030273 
     0.006462585   -0.39199829102 
    0.0064852608   -0.43270874023 
    0.0065079365   -0.46694946289 
    0.0065306122   -0.48666381836 
     0.006553288   -0.48861694336 
    0.0065759637   -0.47320556641 
    0.0065986395   -0.43984985352 
    0.0066213152   -0.39224243164 
    0.0066439909   -0.33825683594 
    0.0066666667   -0.28634643555 
    0.0066893424   -0.23965454102 
    0.0067120181    -0.1904296875 
    0.0067346939   -0.12640380859 
