; Sample Rate 44100
; Channels 1
               0   0.036102294922 
   2.2675737e-05   0.089324951172 
   4.5351474e-05    0.11651611328 
   6.8027211e-05     0.1233215332 
   9.0702948e-05     0.1266784668 
   0.00011337868    0.13562011719 
   0.00013605442    0.14276123047 
   0.00015873016    0.13668823242 
    0.0001814059    0.11480712891 
   0.00020408163   0.084075927734 
   0.00022675737   0.050079345703 
   0.00024943311   0.014984130859 
   0.00027210884  -0.021148681641 
   0.00029478458  -0.057586669922 
   0.00031746032  -0.083801269531 
   0.00034013605  -0.088409423828 
   0.00036281179  -0.074432373047 
   0.00038548753  -0.055053710938 
   0.00040816327  -0.038146972656 
     0.000430839  -0.022918701172 
   0.00045351474  -0.0047607421875 
   0.00047619048   0.015808105469 
   0.00049886621   0.035919189453 
   0.00052154195   0.053833007812 
   0.00054421769   0.067291259766 
   0.00056689342   0.074676513672 
   0.00058956916   0.076416015625 
    0.0006122449   0.068145751953 
   0.00063492063   0.048400878906 
   0.00065759637   0.023223876953 
   0.00068027211  0.00015258789062 
   0.00070294785  -0.015655517578 
   0.00072562358  -0.024536132812 
   0.00074829932  -0.029815673828 
   0.00077097506  -0.035491943359 
   0.00079365079  -0.043426513672 
   0.00081632653  -0.049346923828 
   0.00083900227    -0.0439453125 
     0.000861678  -0.025238037109 
   0.00088435374  -0.0016479492188 
   0.00090702948   0.020294189453 
   0.00092970522   0.041107177734 
   0.00095238095   0.063415527344 
   0.00097505669   0.086608886719 
   0.00099773243    0.10494995117 
    0.0010204082    0.10684204102 
    0.0010430839   0.085693359375 
    0.0010657596   0.049560546875 
    0.0010884354   0.013824462891 
    0.0011111111  -0.0093994140625 
    0.0011337868  -0.017547607422 
    0.0011564626  -0.017608642578 
    0.0011791383  -0.020965576172 
    0.0012018141  -0.037231445312 
    0.0012244898  -0.062774658203 
    0.0012471655  -0.085083007812 
    0.0012698413  -0.098571777344 
     0.001292517   -0.10925292969 
    0.0013151927   -0.12158203125 
    0.0013378685   -0.13241577148 
    0.0013605442   -0.13787841797 
      0.00138322    -0.1357421875 
    0.0014058957   -0.12771606445 
    0.0014285714   -0.11666870117 
    0.0014512472   -0.10610961914 
    0.0014739229  -0.096466064453 
    0.0014965986  -0.087707519531 
    0.0015192744  -0.082916259766 
    0.0015419501   -0.08544921875 
    0.0015646259  -0.098052978516 
    0.0015873016    -0.1184387207 
    0.0016099773   -0.14080810547 
    0.0016326531   -0.16442871094 
    0.0016553288   -0.19204711914 
    0.0016780045   -0.22869873047 
    0.0017006803   -0.27505493164 
     0.001723356   -0.32302856445 
    0.0017460317   -0.35925292969 
    0.0017687075   -0.38250732422 
    0.0017913832     -0.404296875 
     0.001814059   -0.43853759766 
    0.0018367347    -0.4841003418 
    0.0018594104   -0.52359008789 
    0.0018820862   -0.54345703125 
    0.0019047619   -0.54568481445 
    0.0019274376   -0.53897094727 
    0.0019501134    -0.5283203125 
    0.0019727891   -0.50912475586 
    0.0019954649   -0.47485351562 
    0.0020181406   -0.42367553711 
    0.0020408163   -0.36245727539 
    0.0020634921   -0.30157470703 
    0.0020861678   -0.25036621094 
    0.0021088435   -0.21014404297 
    0.0021315193    -0.1764831543 
     0.002154195    -0.1418762207 
    0.0021768707   -0.10430908203 
    0.0021995465  -0.072906494141 
    0.0022222222  -0.060668945312 
     0.002244898  -0.069702148438 
    0.0022675737  -0.094055175781 
    0.0022902494   -0.13070678711 
    0.0023129252   -0.17660522461 
    0.0023356009   -0.22180175781 
    0.0023582766   -0.25637817383 
    0.0023809524   -0.27624511719 
    0.0024036281    -0.2858581543 
    0.0024263039   -0.29165649414 
    0.0024489796   -0.29553222656 
    0.0024716553   -0.28677368164 
    0.0024943311   -0.25054931641 
    0.0025170068   -0.18316650391 
    0.0025396825  -0.097900390625 
    0.0025623583  -0.014068603516 
     0.002585034   0.057342529297 
    0.0026077098    0.11605834961 
    0.0026303855    0.16995239258 
    0.0026530612    0.22653198242 
     0.002675737    0.28179931641 
    0.0026984127    0.32299804688 
    0.0027210884    0.34194946289 
    0.0027437642    0.33950805664 
    0.0027664399    0.32061767578 
    0.0027891156    0.28939819336 
    0.0028117914    0.24948120117 
    0.0028344671    0.20257568359 
    0.0028571429    0.15319824219 
    0.0028798186    0.10888671875 
    0.0029024943   0.077819824219 
    0.0029251701   0.057983398438 
    0.0029478458   0.036437988281 
    0.0029705215  0.0050659179688 
    0.0029931973  -0.030120849609 
     0.003015873   -0.05615234375 
    0.0030385488  -0.066101074219 
    0.0030612245  -0.058563232422 
    0.0030839002  -0.034729003906 
     0.003106576  -0.0032348632812 
    0.0031292517   0.028747558594 
    0.0031519274   0.061767578125 
    0.0031746032   0.097015380859 
    0.0031972789    0.12930297852 
    0.0032199546    0.15042114258 
    0.0032426304    0.16033935547 
    0.0032653061    0.16784667969 
    0.0032879819    0.18096923828 
    0.0033106576    0.20559692383 
    0.0033333333    0.24206542969 
    0.0033560091    0.28503417969 
    0.0033786848    0.32958984375 
    0.0034013605    0.37167358398 
    0.0034240363    0.40728759766 
     0.003446712    0.43521118164 
    0.0034693878    0.46157836914 
    0.0034920635    0.49627685547 
    0.0035147392    0.54016113281 
     0.003537415      0.580078125 
    0.0035600907     0.6003112793 
    0.0035827664    0.59497070312 
    0.0036054422    0.56787109375 
    0.0036281179    0.53112792969 
    0.0036507937    0.50253295898 
    0.0036734694    0.49249267578 
    0.0036961451    0.49398803711 
    0.0037188209    0.49337768555 
    0.0037414966    0.48645019531 
    0.0037641723    0.48187255859 
    0.0037868481    0.49133300781 
    0.0038095238    0.51766967773 
    0.0038321995    0.54992675781 
    0.0038548753    0.57305908203 
     0.003877551    0.58779907227 
    0.0039002268    0.60647583008 
    0.0039229025    0.63659667969 
    0.0039455782    0.67221069336 
     0.003968254    0.70172119141 
    0.0039909297    0.71591186523 
    0.0040136054     0.7116394043 
    0.0040362812    0.69158935547 
    0.0040589569    0.66372680664 
    0.0040816327    0.63241577148 
    0.0041043084    0.59329223633 
    0.0041269841    0.54177856445 
    0.0041496599    0.47952270508 
    0.0041723356    0.41561889648 
    0.0041950113    0.35754394531 
    0.0042176871    0.30194091797 
    0.0042403628     0.2399597168 
    0.0042630385     0.1708984375 
    0.0042857143    0.10015869141 
      0.00430839   0.037200927734 
    0.0043310658  -0.0098876953125 
    0.0043537415  -0.038177490234 
    0.0043764172  -0.052917480469 
     0.004399093  -0.060028076172 
    0.0044217687  -0.065582275391 
    0.0044444444  -0.074615478516 
    0.0044671202  -0.086730957031 
    0.0044897959  -0.091705322266 
    0.0045124717  -0.078247070312 
    0.0045351474  -0.043579101562 
    0.0045578231   0.001220703125 
    0.0045804989   0.040771484375 
    0.0046031746   0.064880371094 
    0.0046258503   0.072784423828 
    0.0046485261   0.076202392578 
    0.0046712018   0.090393066406 
    0.0046938776    0.11895751953 
    0.0047165533    0.15118408203 
     0.004739229    0.17602539062 
    0.0047619048     0.1891784668 
    0.0047845805    0.19467163086 
    0.0048072562    0.20040893555 
     0.004829932      0.208984375 
    0.0048526077    0.21520996094 
    0.0048752834    0.21136474609 
    0.0048979592    0.19622802734 
    0.0049206349    0.18283081055 
    0.0049433107    0.18963623047 
    0.0049659864     0.2239074707 
    0.0049886621    0.27645874023 
    0.0050113379    0.33111572266 
    0.0050340136    0.37686157227 
    0.0050566893    0.41445922852 
    0.0050793651    0.44808959961 
    0.0051020408    0.47940063477 
    0.0051247166    0.50628662109 
    0.0051473923    0.52764892578 
     0.005170068    0.54684448242 
    0.0051927438    0.56762695312 
    0.0052154195    0.58657836914 
    0.0052380952    0.59448242188 
     0.005260771     0.5810546875 
    0.0052834467    0.54431152344 
    0.0053061224     0.4928894043 
    0.0053287982    0.43698120117 
    0.0053514739    0.37942504883 
    0.0053741497    0.31402587891 
    0.0053968254    0.23822021484 
    0.0054195011    0.15701293945 
    0.0054421769   0.081237792969 
    0.0054648526   0.017547607422 
    0.0054875283  -0.035186767578 
    0.0055102041  -0.082061767578 
    0.0055328798   -0.12210083008 
    0.0055555556   -0.15243530273 
    0.0055782313   -0.17459106445 
     0.005600907   -0.19653320312 
    0.0056235828   -0.22406005859 
    0.0056462585   -0.25250244141 
    0.0056689342   -0.27032470703 
      0.00569161   -0.27270507812 
    0.0057142857   -0.26361083984 
    0.0057369615   -0.25567626953 
    0.0057596372   -0.26565551758 
    0.0057823129   -0.29971313477 
    0.0058049887   -0.34423828125 
    0.0058276644   -0.38363647461 
    0.0058503401   -0.41647338867 
    0.0058730159   -0.45141601562 
    0.0058956916   -0.49444580078 
    0.0059183673    -0.5400390625 
    0.0059410431   -0.57537841797 
    0.0059637188   -0.59326171875 
    0.0059863946   -0.59851074219 
    0.0060090703   -0.60134887695 
     0.006031746   -0.60577392578 
    0.0060544218   -0.60653686523 
    0.0060770975   -0.59881591797 
    0.0060997732   -0.58245849609 
     0.006122449   -0.55847167969 
    0.0061451247   -0.53192138672 
    0.0061678005   -0.50912475586 
    0.0061904762   -0.49154663086 
    0.0062131519   -0.47384643555 
    0.0062358277   -0.45739746094 
    0.0062585034   -0.44744873047 
    0.0062811791   -0.44683837891 
    0.0063038549   -0.45388793945 
    0.0063265306   -0.46371459961 
    0.0063492063   -0.47341918945 
    0.0063718821   -0.48776245117 
    0.0063945578   -0.51190185547 
    0.0064172336   -0.54382324219 
    0.0064399093   -0.57019042969 
     0.006462585   -0.57873535156 
    0.0064852608   -0.57009887695 
    0.0065079365   -0.55123901367 
    0.0065306122   -0.52215576172 
     0.006553288   -0.47802734375 
    0.0065759637   -0.41842651367 
    0.0065986395   -0.35067749023 
    0.0066213152   -0.28881835938 
    0.0066439909   -0.24258422852 
    0.0066666667   -0.21075439453 
    0.0066893424   -0.18099975586 
    0.0067120181   -0.14001464844 
    0.0067346939  -0.085418701172 
    0.0067573696  -0.030395507812 
