; Sample Rate 44100
; Channels 1
               0  -0.0079650878906 
   2.2675737e-05  -0.0021362304688 
   4.5351474e-05   0.013824462891 
   6.8027211e-05   0.033264160156 
   9.0702948e-05   0.051818847656 
   0.00011337868   0.065979003906 
   0.00013605442   0.070892333984 
   0.00015873016   0.063446044922 
    0.0001814059   0.050964355469 
   0.00020408163   0.047698974609 
   0.00022675737   0.054840087891 
   0.00024943311   0.057891845703 
   0.00027210884   0.037689208984 
   0.00029478458  -0.0076599121094 
   0.00031746032  -0.061431884766 
   0.00034013605   -0.10528564453 
   0.00036281179   -0.13720703125 
   0.00038548753   -0.16775512695 
   0.00040816327   -0.20166015625 
     0.000430839   -0.23095703125 
   0.00045351474   -0.24423217773 
   0.00047619048   -0.23718261719 
   0.00049886621   -0.21566772461 
   0.00052154195   -0.19366455078 
   0.00054421769   -0.18298339844 
   0.00056689342   -0.17663574219 
   0.00058956916   -0.15512084961 
    0.0006122449   -0.10757446289 
   0.00063492063  -0.045776367188 
   0.00065759637  0.0046081542969 
   0.00068027211   0.028686523438 
   0.00070294785   0.033843994141 
   0.00072562358   0.042938232422 
   0.00074829932     0.0712890625 
   0.00077097506    0.10647583008 
   0.00079365079    0.12023925781 
   0.00081632653   0.099273681641 
   0.00083900227   0.054473876953 
     0.000861678  0.0074157714844 
   0.00088435374  -0.028259277344 
   0.00090702948  -0.046508789062 
   0.00092970522  -0.051025390625 
   0.00095238095  -0.052154541016 
   0.00097505669  -0.058776855469 
   0.00099773243  -0.073760986328 
    0.0010204082  -0.093566894531 
    0.0010430839   -0.10800170898 
    0.0010657596   -0.10678100586 
    0.0010884354  -0.087463378906 
    0.0011111111  -0.057006835938 
    0.0011337868  -0.026641845703 
    0.0011564626  -0.0096435546875 
    0.0011791383  -0.0091552734375 
    0.0012018141  -0.018249511719 
    0.0012244898  -0.026123046875 
    0.0012471655  -0.030853271484 
    0.0012698413  -0.044891357422 
     0.001292517  -0.080657958984 
    0.0013151927   -0.13665771484 
    0.0013378685   -0.19909667969 
    0.0013605442   -0.25103759766 
      0.00138322     -0.283203125 
    0.0014058957   -0.30407714844 
    0.0014285714   -0.32720947266 
    0.0014512472   -0.35311889648 
    0.0014739229   -0.37246704102 
    0.0014965986   -0.37377929688 
    0.0015192744   -0.35824584961 
    0.0015419501   -0.33837890625 
    0.0015646259   -0.32885742188 
    0.0015873016   -0.32565307617 
    0.0016099773   -0.31457519531 
    0.0016326531   -0.29293823242 
    0.0016553288   -0.27676391602 
    0.0016780045    -0.2805480957 
    0.0017006803   -0.29986572266 
     0.001723356   -0.31994628906 
    0.0017460317   -0.32696533203 
    0.0017687075   -0.32638549805 
    0.0017913832   -0.33883666992 
     0.001814059   -0.37594604492 
    0.0018367347   -0.42562866211 
    0.0018594104   -0.46661376953 
    0.0018820862   -0.48776245117 
    0.0019047619   -0.48806762695 
    0.0019274376   -0.47354125977 
    0.0019501134   -0.44940185547 
    0.0019727891    -0.4208984375 
    0.0019954649   -0.38540649414 
    0.0020181406    -0.3388671875 
    0.0020408163   -0.27841186523 
    0.0020634921   -0.20846557617 
    0.0020861678   -0.13888549805 
    0.0021088435  -0.075012207031 
    0.0021315193  -0.014984130859 
     0.002154195   0.042633056641 
    0.0021768707   0.088073730469 
    0.0021995465     0.1130065918 
    0.0022222222    0.12414550781 
     0.002244898     0.1393737793 
    0.0022675737    0.16018676758 
    0.0022902494    0.16885375977 
    0.0023129252    0.14999389648 
    0.0023356009    0.11096191406 
    0.0023582766   0.071136474609 
    0.0023809524   0.041900634766 
    0.0024036281   0.021240234375 
    0.0024263039  0.0054626464844 
    0.0024489796  -0.0040588378906 
    0.0024716553  -0.0021667480469 
    0.0024943311   0.013458251953 
    0.0025170068   0.038330078125 
    0.0025396825   0.066955566406 
    0.0025623583     0.0869140625 
     0.002585034   0.095245361328 
    0.0026077098    0.10394287109 
    0.0026303855    0.12893676758 
    0.0026530612    0.17266845703 
     0.002675737    0.21841430664 
    0.0026984127    0.24798583984 
    0.0027210884    0.25842285156 
    0.0027437642    0.26885986328 
    0.0027664399    0.30029296875 
    0.0027891156    0.35037231445 
    0.0028117914    0.39562988281 
    0.0028344671    0.41110229492 
    0.0028571429    0.39169311523 
    0.0028798186    0.35498046875 
    0.0029024943    0.31616210938 
    0.0029251701    0.27725219727 
    0.0029478458    0.23294067383 
    0.0029705215    0.18188476562 
    0.0029931973       0.12890625 
     0.003015873   0.080749511719 
    0.0030385488   0.044372558594 
    0.0030612245   0.020874023438 
    0.0030839002  0.0092468261719 
     0.003106576  0.0097045898438 
    0.0031292517   0.026275634766 
    0.0031519274   0.059967041016 
    0.0031746032    0.10000610352 
    0.0031972789    0.13397216797 
    0.0032199546    0.16836547852 
    0.0032426304    0.22885131836 
    0.0032653061    0.33432006836 
    0.0032879819      0.466796875 
    0.0033106576    0.58660888672 
    0.0033333333    0.66607666016 
    0.0033560091    0.70568847656 
    0.0033786848    0.72772216797 
    0.0034013605    0.75347900391 
    0.0034240363    0.78472900391 
     0.003446712    0.80639648438 
    0.0034693878    0.80694580078 
    0.0034920635    0.78799438477 
    0.0035147392    0.75946044922 
     0.003537415    0.73043823242 
    0.0035600907    0.70245361328 
    0.0035827664    0.66937255859 
    0.0036054422    0.62887573242 
    0.0036281179      0.587890625 
    0.0036507937     0.5583190918 
    0.0036734694    0.53982543945 
    0.0036961451     0.5224609375 
    0.0037188209    0.50299072266 
    0.0037414966    0.49295043945 
    0.0037641723    0.50570678711 
    0.0037868481    0.53524780273 
    0.0038095238    0.56408691406 
    0.0038321995     0.5791015625 
    0.0038548753     0.5810546875 
     0.003877551    0.57562255859 
    0.0039002268    0.56149291992 
    0.0039229025    0.53469848633 
    0.0039455782    0.49508666992 
     0.003968254    0.44616699219 
    0.0039909297    0.38934326172 
    0.0040136054    0.33004760742 
    0.0040362812    0.27932739258 
    0.0040589569    0.24703979492 
    0.0040816327    0.23284912109 
    0.0041043084    0.22521972656 
    0.0041269841    0.21444702148 
    0.0041496599    0.19296264648 
    0.0041723356    0.15896606445 
    0.0041950113    0.11175537109 
    0.0042176871   0.055145263672 
    0.0042403628  0.0054626464844 
    0.0042630385  -0.019470214844 
    0.0042857143  -0.012786865234 
      0.00430839  0.0067138671875 
    0.0043310658  0.0067443847656 
    0.0043537415  -0.030639648438 
    0.0043764172  -0.091369628906 
     0.004399093   -0.14120483398 
    0.0044217687   -0.15924072266 
    0.0044444444    -0.1513671875 
    0.0044671202   -0.13763427734 
    0.0044897959   -0.13558959961 
    0.0045124717   -0.14059448242 
    0.0045351474    -0.1318359375 
    0.0045578231   -0.08935546875 
    0.0045804989  -0.012084960938 
    0.0046031746   0.086761474609 
    0.0046258503    0.18997192383 
    0.0046485261    0.28692626953 
    0.0046712018     0.3759765625 
    0.0046938776    0.45666503906 
    0.0047165533    0.52505493164 
     0.004739229    0.57299804688 
    0.0047619048    0.59866333008 
    0.0047845805    0.60833740234 
    0.0048072562    0.60873413086 
     0.004829932    0.60076904297 
    0.0048526077    0.58279418945 
    0.0048752834    0.55456542969 
    0.0048979592    0.51773071289 
    0.0049206349    0.47814941406 
    0.0049433107    0.43753051758 
    0.0049659864    0.39154052734 
    0.0049886621    0.34286499023 
    0.0050113379      0.306640625 
    0.0050340136    0.29452514648 
    0.0050566893     0.3000793457 
    0.0050793651    0.30551147461 
    0.0051020408    0.29968261719 
    0.0051247166    0.28674316406 
    0.0051473923    0.28109741211 
     0.005170068    0.28961181641 
    0.0051927438    0.29925537109 
    0.0052154195    0.28982543945 
    0.0052380952     0.2509765625 
     0.005260771    0.18872070312 
    0.0052834467    0.12582397461 
    0.0053061224     0.0791015625 
    0.0053287982   0.039459228516 
    0.0053514739  -0.017730712891 
    0.0053741497  -0.099792480469 
    0.0053968254   -0.19241333008 
    0.0054195011   -0.27209472656 
    0.0054421769   -0.32348632812 
    0.0054648526   -0.35479736328 
    0.0054875283    -0.3957824707 
    0.0055102041   -0.46752929688 
    0.0055328798   -0.55813598633 
    0.0055555556    -0.6340637207 
    0.0055782313   -0.67556762695 
     0.005600907   -0.68643188477 
    0.0056235828   -0.68142700195 
    0.0056462585   -0.67352294922 
    0.0056689342   -0.66763305664 
      0.00569161   -0.66192626953 
    0.0057142857   -0.65319824219 
    0.0057369615   -0.64053344727 
    0.0057596372   -0.62173461914 
    0.0057823129   -0.59069824219 
    0.0058049887   -0.54779052734 
    0.0058276644   -0.51153564453 
    0.0058503401   -0.50067138672 
    0.0058730159   -0.51272583008 
    0.0058956916   -0.52838134766 
    0.0059183673   -0.53079223633 
    0.0059410431   -0.51379394531 
    0.0059637188   -0.49487304688 
    0.0059863946   -0.49621582031 
    0.0060090703   -0.52249145508 
     0.006031746   -0.55792236328 
    0.0060544218   -0.58224487305 
    0.0060770975      -0.58984375 
    0.0060997732   -0.58389282227 
     0.006122449    -0.5735168457 
    0.0061451247   -0.56524658203 
    0.0061678005   -0.55953979492 
    0.0061904762   -0.55099487305 
    0.0062131519    -0.5358581543 
    0.0062358277     -0.517578125 
    0.0062585034   -0.49737548828 
    0.0062811791    -0.4694519043 
    0.0063038549   -0.42459106445 
    0.0063265306   -0.36404418945 
    0.0063492063   -0.30194091797 
    0.0063718821   -0.25262451172 
    0.0063945578   -0.21936035156 
    0.0064172336   -0.19378662109 
    0.0064399093   -0.16589355469 
     0.006462585   -0.13455200195 
    0.0064852608   -0.11080932617 
    0.0065079365   -0.10784912109 
    0.0065306122    -0.1227722168 
     0.006553288   -0.13827514648 
    0.0065759637   -0.13934326172 
    0.0065986395   -0.12435913086 
    0.0066213152   -0.10430908203 
    0.0066439909  -0.088012695312 
    0.0066666667   -0.07373046875 
    0.0066893424  -0.053039550781 
