; Sample Rate 44100
; Channels 1
               0  -0.032562255859 
   2.2675737e-05  -0.010803222656 
   4.5351474e-05   0.036895751953 
   6.8027211e-05   0.091979980469 
   9.0702948e-05    0.12496948242 
   0.00011337868    0.12130737305 
   0.00013605442   0.096984863281 
   0.00015873016   0.080596923828 
    0.0001814059   0.089904785156 
   0.00020408163    0.11508178711 
   0.00022675737    0.12564086914 
   0.00024943311    0.10333251953 
   0.00027210884   0.058441162109 
   0.00029478458   0.015075683594 
   0.00031746032  -0.011749267578 
   0.00034013605  -0.029479980469 
   0.00036281179  -0.050231933594 
   0.00038548753  -0.072662353516 
   0.00040816327  -0.080139160156 
     0.000430839  -0.063598632812 
   0.00045351474  -0.032073974609 
   0.00047619048  -0.0047302246094 
   0.00049886621  0.0054931640625 
   0.00052154195      0.001953125 
   0.00054421769  -0.0023803710938 
   0.00056689342  0.0011596679688 
   0.00058956916   0.010070800781 
    0.0006122449   0.014038085938 
   0.00063492063  0.0037231445312 
   0.00065759637  -0.018829345703 
   0.00068027211  -0.038635253906 
   0.00070294785  -0.041839599609 
   0.00072562358  -0.028869628906 
   0.00074829932   -0.01708984375 
   0.00077097506  -0.016998291016 
   0.00079365079  -0.021301269531 
   0.00081632653  -0.013977050781 
   0.00083900227   0.013549804688 
     0.000861678   0.050750732422 
   0.00088435374   0.083770751953 
   0.00090702948    0.11166381836 
   0.00092970522    0.14300537109 
   0.00095238095    0.17953491211 
   0.00097505669    0.21224975586 
   0.00099773243    0.23284912109 
    0.0010204082    0.24731445312 
    0.0010430839    0.26742553711 
    0.0010657596    0.29949951172 
    0.0010884354    0.32977294922 
    0.0011111111    0.32916259766 
    0.0011337868    0.28079223633 
    0.0011564626    0.20336914062 
    0.0011791383    0.13818359375 
    0.0012018141    0.10556030273 
    0.0012244898   0.091522216797 
    0.0012471655   0.068267822266 
    0.0012698413   0.023254394531 
     0.001292517  -0.037536621094 
    0.0013151927  -0.096954345703 
    0.0013378685   -0.13891601562 
    0.0013605442    -0.1579284668 
      0.00138322    -0.1591796875 
    0.0014058957   -0.15219116211 
    0.0014285714   -0.14193725586 
    0.0014512472   -0.13073730469 
    0.0014739229   -0.11883544922 
    0.0014965986   -0.10794067383 
    0.0015192744  -0.098999023438 
    0.0015419501  -0.085510253906 
    0.0015646259  -0.063812255859 
    0.0015873016  -0.046630859375 
    0.0016099773  -0.056945800781 
    0.0016326531   -0.10461425781 
    0.0016553288   -0.17614746094 
    0.0016780045   -0.24383544922 
    0.0017006803   -0.28729248047 
     0.001723356   -0.30560302734 
    0.0017460317   -0.31860351562 
    0.0017687075   -0.35104370117 
    0.0017913832   -0.40545654297 
     0.001814059   -0.45645141602 
    0.0018367347   -0.47561645508 
    0.0018594104   -0.45681762695 
    0.0018820862   -0.41967773438 
    0.0019047619   -0.38766479492 
    0.0019274376   -0.37033081055 
    0.0019501134   -0.36361694336 
    0.0019727891   -0.35314941406 
    0.0019954649   -0.32827758789 
    0.0020181406   -0.29135131836 
    0.0020408163   -0.25344848633 
    0.0020634921   -0.22180175781 
    0.0020861678   -0.19735717773 
    0.0021088435   -0.18438720703 
    0.0021315193   -0.18783569336 
     0.002154195   -0.20202636719 
    0.0021768707   -0.21301269531 
    0.0021995465   -0.20794677734 
    0.0022222222   -0.18246459961 
     0.002244898   -0.15118408203 
    0.0022675737   -0.13565063477 
    0.0022902494   -0.13812255859 
    0.0023129252   -0.13995361328 
    0.0023356009   -0.11666870117 
    0.0023582766  -0.062835693359 
    0.0023809524  0.0043640136719 
    0.0024036281   0.058898925781 
    0.0024263039   0.088165283203 
    0.0024489796    0.10650634766 
    0.0024716553    0.12997436523 
    0.0024943311    0.15573120117 
    0.0025170068    0.17205810547 
    0.0025396825    0.17810058594 
    0.0025623583    0.17932128906 
     0.002585034     0.1728515625 
    0.0026077098    0.15237426758 
    0.0026303855    0.11749267578 
    0.0026530612   0.071533203125 
     0.002675737   0.019226074219 
    0.0026984127  -0.030975341797 
    0.0027210884  -0.068145751953 
    0.0027437642  -0.087280273438 
    0.0027664399  -0.091369628906 
    0.0027891156  -0.089904785156 
    0.0028117914  -0.087982177734 
    0.0028344671   -0.07568359375 
    0.0028571429   -0.03759765625 
    0.0028798186    0.02392578125 
    0.0029024943    0.08837890625 
    0.0029251701    0.13473510742 
    0.0029478458    0.16116333008 
    0.0029705215    0.18280029297 
    0.0029931973    0.21054077148 
     0.003015873    0.24118041992 
    0.0030385488    0.26599121094 
    0.0030612245    0.28073120117 
    0.0030839002    0.28619384766 
     0.003106576    0.28378295898 
    0.0031292517    0.27532958984 
    0.0031519274    0.25762939453 
    0.0031746032    0.22897338867 
    0.0031972789    0.19802856445 
    0.0032199546    0.17895507812 
    0.0032426304    0.17559814453 
    0.0032653061    0.17568969727 
    0.0032879819    0.16452026367 
    0.0033106576    0.14184570312 
    0.0033333333    0.12603759766 
    0.0033560091    0.14242553711 
    0.0033786848    0.19818115234 
    0.0034013605     0.2746887207 
    0.0034240363    0.34448242188 
     0.003446712    0.39935302734 
    0.0034693878    0.45071411133 
    0.0034920635    0.51235961914 
    0.0035147392    0.58560180664 
     0.003537415    0.65740966797 
    0.0035600907    0.71572875977 
    0.0035827664    0.75817871094 
    0.0036054422     0.7991027832 
    0.0036281179     0.8564453125 
    0.0036507937    0.92636108398 
    0.0036734694    0.98196411133 
    0.0036961451    0.99996948242 
    0.0037188209    0.99856567383 
    0.0037414966    0.99081420898 
    0.0037641723    0.98330688477 
    0.0037868481    0.95861816406 
    0.0038095238    0.90225219727 
    0.0038321995    0.81939697266 
    0.0038548753    0.73303222656 
     0.003877551      0.662109375 
    0.0039002268     0.6051940918 
    0.0039229025     0.5461730957 
    0.0039455782    0.47442626953 
     0.003968254    0.39575195312 
    0.0039909297    0.32717895508 
    0.0040136054    0.27825927734 
    0.0040362812    0.24847412109 
    0.0040589569    0.23736572266 
    0.0040816327     0.2497253418 
    0.0041043084    0.28463745117 
    0.0041269841    0.33319091797 
    0.0041496599    0.37869262695 
    0.0041723356    0.40567016602 
    0.0041950113    0.41464233398 
    0.0042176871    0.42080688477 
    0.0042403628    0.43185424805 
    0.0042630385    0.43759155273 
    0.0042857143    0.41757202148 
      0.00430839    0.36090087891 
    0.0043310658    0.27621459961 
    0.0043537415    0.18826293945 
    0.0043764172    0.12078857422 
     0.004399093   0.080780029297 
    0.0044217687   0.055755615234 
    0.0044444444   0.028961181641 
    0.0044671202  -0.0044555664062 
    0.0044897959  -0.037170410156 
    0.0045124717  -0.061370849609 
    0.0045351474  -0.070739746094 
    0.0045578231  -0.060791015625 
    0.0045804989  -0.036254882812 
    0.0046031746  -0.0058288574219 
    0.0046258503   0.028259277344 
    0.0046485261   0.068206787109 
    0.0046712018    0.11535644531 
    0.0046938776    0.17407226562 
    0.0047165533    0.24462890625 
     0.004739229    0.31457519531 
    0.0047619048     0.3703918457 
    0.0047845805    0.41052246094 
    0.0048072562    0.43692016602 
     0.004829932    0.44857788086 
    0.0048526077    0.45544433594 
    0.0048752834    0.47552490234 
    0.0048979592    0.51458740234 
    0.0049206349    0.56057739258 
    0.0049433107    0.59759521484 
    0.0049659864    0.61898803711 
    0.0049886621    0.63092041016 
    0.0050113379    0.64172363281 
    0.0050340136    0.65689086914 
    0.0050566893    0.67324829102 
    0.0050793651    0.67678833008 
    0.0051020408    0.65728759766 
    0.0051247166    0.61758422852 
    0.0051473923    0.56414794922 
     0.005170068    0.49655151367 
    0.0051927438     0.4137878418 
    0.0052154195       0.32421875 
    0.0052380952     0.2428894043 
     0.005260771    0.17602539062 
    0.0052834467    0.11190795898 
    0.0053061224   0.032745361328 
    0.0053287982  -0.064056396484 
    0.0053514739   -0.15936279297 
    0.0053741497   -0.22845458984 
    0.0053968254   -0.25985717773 
    0.0054195011   -0.26416015625 
    0.0054421769   -0.26409912109 
    0.0054648526   -0.27819824219 
    0.0054875283   -0.30630493164 
    0.0055102041   -0.33575439453 
    0.0055328798   -0.35656738281 
    0.0055555556   -0.37051391602 
    0.0055782313   -0.38922119141 
     0.005600907   -0.42263793945 
    0.0056235828   -0.46759033203 
    0.0056462585   -0.51794433594 
    0.0056689342   -0.57690429688 
      0.00569161   -0.64831542969 
    0.0057142857   -0.72747802734 
    0.0057369615       -0.8046875 
    0.0057596372   -0.86715698242 
    0.0057823129    -0.9020690918 
    0.0058049887   -0.91525268555 
    0.0058276644   -0.92724609375 
    0.0058503401   -0.94812011719 
    0.0058730159   -0.96640014648 
    0.0058956916   -0.96273803711 
    0.0059183673   -0.92980957031 
    0.0059410431   -0.87911987305 
    0.0059637188   -0.82727050781 
    0.0059863946   -0.78512573242 
    0.0060090703   -0.74853515625 
     0.006031746   -0.70458984375 
    0.0060544218   -0.64944458008 
    0.0060770975   -0.59329223633 
    0.0060997732   -0.55392456055 
     0.006122449   -0.54495239258 
    0.0061451247   -0.56326293945 
    0.0061678005   -0.59219360352 
    0.0061904762   -0.61303710938 
    0.0062131519   -0.61837768555 
    0.0062358277   -0.61120605469 
    0.0062585034   -0.59677124023 
    0.0062811791   -0.57995605469 
    0.0063038549   -0.56573486328 
    0.0063265306   -0.55993652344 
    0.0063492063   -0.56106567383 
    0.0063718821   -0.55801391602 
    0.0063945578   -0.53433227539 
    0.0064172336   -0.49066162109 
    0.0064399093   -0.44635009766 
     0.006462585   -0.42764282227 
    0.0064852608   -0.43896484375 
    0.0065079365   -0.45416259766 
    0.0065306122   -0.44052124023 
     0.006553288   -0.39141845703 
    0.0065759637    -0.3313293457 
    0.0065986395   -0.28302001953 
    0.0066213152   -0.25015258789 
    0.0066439909   -0.21856689453 
    0.0066666667   -0.17782592773 
    0.0066893424   -0.12915039062 
    0.0067120181  -0.078948974609 
    0.0067346939  -0.035308837891 
