; Sample Rate 44100
; Channels 1
               0  -0.021209716797 
   2.2675737e-05   0.014465332031 
   4.5351474e-05   0.046783447266 
   6.8027211e-05   0.076721191406 
   9.0702948e-05    0.10848999023 
   0.00011337868    0.13995361328 
   0.00013605442    0.16952514648 
   0.00015873016    0.19259643555 
    0.0001814059    0.20159912109 
   0.00020408163    0.19219970703 
   0.00022675737    0.17251586914 
   0.00024943311    0.15545654297 
   0.00027210884    0.13745117188 
   0.00029478458    0.10501098633 
   0.00031746032      0.052734375 
   0.00034013605  -0.0095825195312 
   0.00036281179  -0.064910888672 
   0.00038548753   -0.10443115234 
   0.00040816327    -0.1305847168 
     0.000430839   -0.15103149414 
   0.00045351474   -0.17056274414 
   0.00047619048   -0.18530273438 
   0.00049886621   -0.18710327148 
   0.00052154195   -0.17922973633 
   0.00054421769   -0.16864013672 
   0.00056689342   -0.15161132812 
   0.00058956916   -0.12005615234 
    0.0006122449  -0.072509765625 
   0.00063492063  -0.018127441406 
   0.00065759637   0.025482177734 
   0.00068027211   0.046997070312 
   0.00070294785   0.051574707031 
   0.00072562358        0.0546875 
   0.00074829932   0.067626953125 
   0.00077097506   0.082183837891 
   0.00079365079   0.078979492188 
   0.00081632653   0.045532226562 
   0.00083900227  -0.0086059570312 
     0.000861678  -0.061096191406 
   0.00088435374  -0.092712402344 
   0.00090702948   -0.10025024414 
   0.00092970522  -0.097564697266 
   0.00095238095  -0.098510742188 
   0.00097505669   -0.10604858398 
   0.00099773243    -0.1125793457 
    0.0010204082   -0.11483764648 
    0.0010430839   -0.11102294922 
    0.0010657596  -0.093231201172 
    0.0010884354  -0.056884765625 
    0.0011111111  -0.011108398438 
    0.0011337868   0.024932861328 
    0.0011564626   0.040618896484 
    0.0011791383   0.031188964844 
    0.0012018141  0.0077514648438 
    0.0012244898  -0.012023925781 
    0.0012471655  -0.022766113281 
    0.0012698413  -0.033538818359 
     0.001292517  -0.060516357422 
    0.0013151927   -0.11059570312 
    0.0013378685   -0.17541503906 
    0.0013605442   -0.23718261719 
      0.00138322   -0.28005981445 
    0.0014058957    -0.2961730957 
    0.0014285714   -0.29489135742 
    0.0014512472   -0.29605102539 
    0.0014739229   -0.31005859375 
    0.0014965986    -0.3291015625 
    0.0015192744   -0.33938598633 
    0.0015419501   -0.33120727539 
    0.0015646259   -0.30563354492 
    0.0015873016   -0.28143310547 
    0.0016099773   -0.27166748047 
    0.0016326531   -0.27392578125 
    0.0016553288   -0.27963256836 
    0.0016780045   -0.28939819336 
    0.0017006803   -0.30920410156 
     0.001723356   -0.33395385742 
    0.0017460317   -0.35842895508 
    0.0017687075    -0.3830871582 
    0.0017913832   -0.41296386719 
     0.001814059   -0.45205688477 
    0.0018367347   -0.50015258789 
    0.0018594104   -0.54843139648 
    0.0018820862   -0.58081054688 
    0.0019047619   -0.58117675781 
    0.0019274376   -0.55447387695 
    0.0019501134   -0.51986694336 
    0.0019727891   -0.49118041992 
    0.0019954649   -0.46817016602 
    0.0020181406   -0.44137573242 
    0.0020408163   -0.40740966797 
    0.0020634921   -0.36660766602 
    0.0020861678    -0.3171081543 
    0.0021088435   -0.26257324219 
    0.0021315193   -0.20706176758 
     0.002154195   -0.15386962891 
    0.0021768707   -0.10772705078 
    0.0021995465  -0.069458007812 
    0.0022222222  -0.033752441406 
     0.002244898  -0.00042724609375 
    0.0022675737   0.025573730469 
    0.0022902494   0.042510986328 
    0.0023129252   0.048675537109 
    0.0023356009    0.03857421875 
    0.0023582766   0.016174316406 
    0.0023809524  -0.0023498535156 
    0.0024036281  -0.004150390625 
    0.0024263039  0.00094604492188 
    0.0024489796  -0.006103515625 
    0.0024716553  -0.030334472656 
    0.0024943311  -0.058959960938 
    0.0025170068  -0.072692871094 
    0.0025396825  -0.059997558594 
    0.0025623583  -0.023193359375 
     0.002585034   0.020416259766 
    0.0026077098   0.055694580078 
    0.0026303855   0.078979492188 
    0.0026530612   0.096374511719 
     0.002675737    0.12002563477 
    0.0026984127    0.16131591797 
    0.0027210884    0.22662353516 
    0.0027437642    0.30221557617 
    0.0027664399    0.36569213867 
    0.0027891156    0.40603637695 
    0.0028117914    0.42510986328 
    0.0028344671    0.42547607422 
    0.0028571429    0.40841674805 
    0.0028798186     0.3776550293 
    0.0029024943    0.34222412109 
    0.0029251701    0.30737304688 
    0.0029478458    0.26892089844 
    0.0029705215    0.22192382812 
    0.0029931973    0.16940307617 
     0.003015873    0.11517333984 
    0.0030385488   0.058227539062 
    0.0030612245  -0.0010986328125 
    0.0030839002  -0.055511474609 
     0.003106576         -0.09375 
    0.0031292517  -0.098968505859 
    0.0031519274  -0.067657470703 
    0.0031746032  -0.014587402344 
    0.0031972789   0.042785644531 
    0.0032199546   0.097869873047 
    0.0032426304    0.16253662109 
    0.0032653061    0.24789428711 
    0.0032879819    0.35369873047 
    0.0033106576    0.46197509766 
    0.0033333333    0.54779052734 
    0.0033560091    0.59710693359 
    0.0033786848    0.61657714844 
    0.0034013605    0.62408447266 
    0.0034240363    0.63119506836 
     0.003446712    0.64157104492 
    0.0034693878    0.65313720703 
    0.0034920635    0.65975952148 
    0.0035147392    0.65814208984 
     0.003537415    0.64916992188 
    0.0035600907    0.63973999023 
    0.0035827664    0.63348388672 
    0.0036054422    0.62802124023 
    0.0036281179    0.61889648438 
    0.0036507937    0.60366821289 
    0.0036734694    0.58850097656 
    0.0036961451    0.58288574219 
    0.0037188209    0.59140014648 
    0.0037414966    0.61172485352 
    0.0037641723    0.63598632812 
    0.0037868481    0.65588378906 
    0.0038095238    0.66235351562 
    0.0038321995    0.65521240234 
    0.0038548753    0.63912963867 
     0.003877551    0.61846923828 
    0.0039002268    0.59536743164 
    0.0039229025    0.57070922852 
    0.0039455782     0.5451965332 
     0.003968254    0.51705932617 
    0.0039909297    0.48324584961 
    0.0040136054    0.44223022461 
    0.0040362812    0.40881347656 
    0.0040589569    0.39559936523 
    0.0040816327    0.39553833008 
    0.0041043084    0.39950561523 
    0.0041269841    0.39764404297 
    0.0041496599    0.37805175781 
    0.0041723356    0.33605957031 
    0.0041950113    0.28366088867 
    0.0042176871    0.23843383789 
    0.0042403628    0.20272827148 
    0.0042630385    0.16915893555 
    0.0042857143    0.12942504883 
      0.00430839   0.081817626953 
    0.0043310658   0.022369384766 
    0.0043537415  -0.045227050781 
    0.0043764172   -0.11544799805 
     0.004399093   -0.18569946289 
    0.0044217687   -0.24359130859 
    0.0044444444   -0.27352905273 
    0.0044671202   -0.27835083008 
    0.0044897959   -0.26943969727 
    0.0045124717   -0.25552368164 
    0.0045351474   -0.23150634766 
    0.0045578231   -0.19055175781 
    0.0045804989   -0.12594604492 
    0.0046031746  -0.043518066406 
    0.0046258503   0.042022705078 
    0.0046485261    0.11853027344 
    0.0046712018    0.18252563477 
    0.0046938776      0.240234375 
    0.0047165533    0.29232788086 
     0.004739229    0.33526611328 
    0.0047619048    0.36785888672 
    0.0047845805    0.39126586914 
    0.0048072562    0.40808105469 
     0.004829932    0.42120361328 
    0.0048526077    0.43026733398 
    0.0048752834    0.43032836914 
    0.0048979592    0.41793823242 
    0.0049206349    0.39782714844 
    0.0049433107    0.38763427734 
    0.0049659864    0.39541625977 
    0.0049886621    0.41052246094 
    0.0050113379    0.41485595703 
    0.0050340136    0.40249633789 
    0.0050566893    0.38000488281 
    0.0050793651    0.35946655273 
    0.0051020408    0.35317993164 
    0.0051247166    0.36279296875 
    0.0051473923    0.37731933594 
     0.005170068    0.38381958008 
    0.0051927438    0.37808227539 
    0.0052154195     0.3642578125 
    0.0052380952    0.34753417969 
     0.005260771    0.33584594727 
    0.0052834467    0.32955932617 
    0.0053061224    0.31567382812 
    0.0053287982    0.28393554688 
    0.0053514739    0.23513793945 
    0.0053741497     0.1750793457 
    0.0053968254    0.10787963867 
    0.0054195011   0.038848876953 
    0.0054421769  -0.026947021484 
    0.0054648526  -0.086578369141 
    0.0054875283   -0.14581298828 
    0.0055102041   -0.21551513672 
    0.0055328798   -0.29949951172 
    0.0055555556   -0.38775634766 
    0.0055782313   -0.46353149414 
     0.005600907   -0.51132202148 
    0.0056235828   -0.53088378906 
    0.0056462585   -0.53982543945 
    0.0056689342   -0.55792236328 
      0.00569161   -0.58508300781 
    0.0057142857   -0.60333251953 
    0.0057369615   -0.59994506836 
    0.0057596372   -0.57641601562 
    0.0057823129   -0.54547119141 
    0.0058049887    -0.5212097168 
    0.0058276644   -0.50765991211 
    0.0058503401   -0.49813842773 
    0.0058730159   -0.48449707031 
    0.0058956916   -0.46835327148 
    0.0059183673   -0.45303344727 
    0.0059410431   -0.44564819336 
    0.0059637188   -0.45465087891 
    0.0059863946    -0.4836730957 
    0.0060090703   -0.52563476562 
     0.006031746   -0.57006835938 
    0.0060544218   -0.60620117188 
    0.0060770975   -0.62423706055 
    0.0060997732   -0.62194824219 
     0.006122449   -0.60821533203 
    0.0061451247   -0.60174560547 
    0.0061678005   -0.60720825195 
    0.0061904762    -0.6145324707 
    0.0062131519   -0.61093139648 
    0.0062358277   -0.58676147461 
    0.0062585034   -0.54067993164 
    0.0062811791   -0.48376464844 
    0.0063038549   -0.43353271484 
    0.0063265306   -0.39761352539 
    0.0063492063   -0.37240600586 
    0.0063718821   -0.35131835938 
    0.0063945578   -0.32897949219 
    0.0064172336   -0.30712890625 
    0.0064399093   -0.29141235352 
     0.006462585   -0.28161621094 
    0.0064852608   -0.27554321289 
    0.0065079365    -0.2707824707 
    0.0065306122   -0.26919555664 
     0.006553288   -0.27297973633 
    0.0065759637   -0.27740478516 
    0.0065986395   -0.27255249023 
    0.0066213152   -0.25164794922 
    0.0066439909   -0.22073364258 
    0.0066666667   -0.18869018555 
    0.0066893424   -0.15969848633 
    0.0067120181   -0.13159179688 
    0.0067346939  -0.095428466797 
