; Sample Rate 44100
; Channels 1
               0  -0.050506591797 
   2.2675737e-05   0.023345947266 
   4.5351474e-05   0.084716796875 
   6.8027211e-05    0.12719726562 
   9.0702948e-05    0.15161132812 
   0.00011337868    0.16256713867 
   0.00013605442    0.16876220703 
   0.00015873016    0.17443847656 
    0.0001814059    0.16748046875 
   0.00020408163       0.13671875 
   0.00022675737   0.091217041016 
   0.00024943311   0.051055908203 
   0.00027210884   0.024810791016 
   0.00029478458  0.0062255859375 
   0.00031746032  -0.014984130859 
   0.00034013605  -0.035186767578 
   0.00036281179  -0.045837402344 
   0.00038548753  -0.051300048828 
   0.00040816327  -0.061462402344 
     0.000430839  -0.075866699219 
   0.00045351474  -0.087310791016 
   0.00047619048  -0.088836669922 
   0.00049886621  -0.076477050781 
   0.00052154195  -0.056823730469 
   0.00054421769  -0.043548583984 
   0.00056689342  -0.046112060547 
   0.00058956916  -0.060150146484 
    0.0006122449  -0.070983886719 
   0.00063492063  -0.070404052734 
   0.00065759637  -0.056213378906 
   0.00068027211  -0.031097412109 
   0.00070294785  -0.0051879882812 
   0.00072562358  0.0060119628906 
   0.00074829932      -0.00390625 
   0.00077097506  -0.022857666016 
   0.00079365079  -0.031066894531 
   0.00081632653  -0.020324707031 
   0.00083900227  6.103515625e-05 
     0.000861678   0.019439697266 
   0.00088435374   0.037750244141 
   0.00090702948   0.057464599609 
   0.00092970522   0.073577880859 
   0.00095238095   0.083068847656 
   0.00097505669   0.096130371094 
   0.00099773243    0.12387084961 
    0.0010204082    0.16442871094 
    0.0010430839    0.20147705078 
    0.0010657596    0.22262573242 
    0.0010884354    0.23229980469 
    0.0011111111    0.24234008789 
    0.0011337868    0.26040649414 
    0.0011564626    0.28155517578 
    0.0011791383    0.29000854492 
    0.0012018141    0.26959228516 
    0.0012244898    0.22006225586 
    0.0012471655    0.16134643555 
    0.0012698413    0.10836791992 
     0.001292517   0.057220458984 
    0.0013151927  -0.00070190429688 
    0.0013378685  -0.062133789062 
    0.0013605442   -0.11804199219 
      0.00138322   -0.16418457031 
    0.0014058957   -0.19860839844 
    0.0014285714   -0.22174072266 
    0.0014512472   -0.23846435547 
    0.0014739229   -0.25881958008 
    0.0014965986   -0.27899169922 
    0.0015192744   -0.28540039062 
    0.0015419501   -0.27392578125 
    0.0015646259   -0.25933837891 
    0.0015873016   -0.26104736328 
    0.0016099773   -0.27960205078 
    0.0016326531   -0.29428100586 
    0.0016553288   -0.28134155273 
    0.0016780045   -0.23611450195 
    0.0017006803   -0.17993164062 
     0.001723356   -0.14410400391 
    0.0017460317   -0.14944458008 
    0.0017687075   -0.19302368164 
    0.0017913832   -0.25479125977 
     0.001814059   -0.31488037109 
    0.0018367347   -0.35778808594 
    0.0018594104   -0.37805175781 
    0.0018820862   -0.38412475586 
    0.0019047619   -0.39709472656 
    0.0019274376    -0.4299621582 
    0.0019501134    -0.4697265625 
    0.0019727891   -0.49356079102 
    0.0019954649   -0.48822021484 
    0.0020181406   -0.45462036133 
    0.0020408163   -0.40563964844 
    0.0020634921   -0.35946655273 
    0.0020861678   -0.32626342773 
    0.0021088435   -0.29702758789 
    0.0021315193   -0.25720214844 
     0.002154195   -0.19982910156 
    0.0021768707   -0.13223266602 
    0.0021995465  -0.075103759766 
    0.0022222222  -0.045440673828 
     0.002244898   -0.04052734375 
    0.0022675737  -0.043273925781 
    0.0022902494  -0.036254882812 
    0.0023129252  -0.012939453125 
    0.0023356009   0.014221191406 
    0.0023582766   0.023864746094 
    0.0023809524  0.0083923339844 
    0.0024036281  -0.013916015625 
    0.0024263039  -0.016906738281 
    0.0024489796  0.0045776367188 
    0.0024716553   0.035339355469 
    0.0024943311     0.0595703125 
    0.0025170068   0.073791503906 
    0.0025396825   0.088043212891 
    0.0025623583     0.1091003418 
     0.002585034    0.13241577148 
    0.0026077098    0.15115356445 
    0.0026303855    0.16195678711 
    0.0026530612    0.16622924805 
     0.002675737    0.16732788086 
    0.0026984127         0.171875 
    0.0027210884    0.17510986328 
    0.0027437642    0.16134643555 
    0.0027664399    0.12435913086 
    0.0027891156   0.075347900391 
    0.0028117914   0.031494140625 
    0.0028344671  0.0044555664062 
    0.0028571429  -0.0061340332031 
    0.0028798186  -0.012786865234 
    0.0029024943  -0.025756835938 
    0.0029251701  -0.038879394531 
    0.0029478458  -0.041198730469 
    0.0029705215  -0.029693603516 
    0.0029931973  -0.00067138671875 
     0.003015873   0.050750732422 
    0.0030385488    0.12185668945 
    0.0030612245    0.19598388672 
    0.0030839002    0.25561523438 
     0.003106576    0.29553222656 
    0.0031292517    0.32141113281 
    0.0031519274    0.34521484375 
    0.0031746032    0.37579345703 
    0.0031972789    0.40676879883 
    0.0032199546    0.42272949219 
    0.0032426304    0.41284179688 
    0.0032653061    0.37774658203 
    0.0032879819    0.32846069336 
    0.0033106576    0.28436279297 
    0.0033333333    0.26303100586 
    0.0033560091    0.26382446289 
    0.0033786848    0.26852416992 
    0.0034013605    0.26406860352 
    0.0034240363    0.25744628906 
     0.003446712    0.26724243164 
    0.0034693878    0.30416870117 
    0.0034920635    0.36618041992 
    0.0035147392    0.44424438477 
     0.003537415    0.52624511719 
    0.0035600907    0.60836791992 
    0.0035827664    0.69012451172 
    0.0036054422    0.76278686523 
    0.0036281179    0.81518554688 
    0.0036507937    0.85284423828 
    0.0036734694    0.89682006836 
    0.0036961451    0.95803833008 
    0.0037188209    0.99996948242 
    0.0037414966    0.99996948242 
    0.0037641723    0.99996948242 
    0.0037868481    0.99996948242 
    0.0038095238    0.99996948242 
    0.0038321995    0.99575805664 
    0.0038548753    0.97702026367 
     0.003877551    0.93975830078 
    0.0039002268    0.86486816406 
    0.0039229025    0.76022338867 
    0.0039455782    0.64755249023 
     0.003968254    0.54568481445 
    0.0039909297     0.4631652832 
    0.0040136054    0.40213012695 
    0.0040362812    0.35778808594 
    0.0040589569    0.31967163086 
    0.0040816327    0.27905273438 
    0.0041043084    0.23556518555 
    0.0041269841    0.19940185547 
    0.0041496599    0.18255615234 
    0.0041723356    0.18569946289 
    0.0041950113    0.20434570312 
    0.0042176871    0.23162841797 
    0.0042403628    0.25491333008 
    0.0042630385    0.26147460938 
    0.0042857143    0.25442504883 
      0.00430839     0.2571105957 
    0.0043310658    0.28546142578 
    0.0043537415    0.32745361328 
    0.0043764172    0.35211181641 
     0.004399093    0.33499145508 
    0.0044217687    0.27975463867 
    0.0044444444     0.2165222168 
    0.0044671202    0.16958618164 
    0.0044897959    0.13827514648 
    0.0045124717    0.10696411133 
    0.0045351474   0.064697265625 
    0.0045578231   0.011779785156 
    0.0045804989  -0.038604736328 
    0.0046031746  -0.076049804688 
    0.0046258503   -0.10021972656 
    0.0046485261   -0.10961914062 
    0.0046712018  -0.094268798828 
    0.0046938776  -0.046020507812 
    0.0047165533   0.028228759766 
     0.004739229    0.11221313477 
    0.0047619048    0.19430541992 
    0.0047845805    0.26913452148 
    0.0048072562    0.33685302734 
     0.004829932    0.40856933594 
    0.0048526077    0.49374389648 
    0.0048752834    0.58059692383 
    0.0048979592    0.64294433594 
    0.0049206349    0.66580200195 
    0.0049433107    0.66021728516 
    0.0049659864    0.65075683594 
    0.0049886621    0.65145874023 
    0.0050113379     0.6559753418 
    0.0050340136    0.65054321289 
    0.0050566893    0.63088989258 
    0.0050793651    0.60601806641 
    0.0051020408     0.5866394043 
    0.0051247166    0.56878662109 
    0.0051473923    0.53787231445 
     0.005170068     0.4931640625 
    0.0051927438    0.44522094727 
    0.0052154195    0.40200805664 
    0.0052380952    0.35760498047 
     0.005260771    0.29995727539 
    0.0052834467    0.22500610352 
    0.0053061224    0.14224243164 
    0.0053287982   0.065765380859 
    0.0053514739  0.0031127929688 
    0.0053741497  -0.052795410156 
    0.0053968254   -0.11972045898 
    0.0054195011   -0.20309448242 
    0.0054421769    -0.2995300293 
    0.0054648526   -0.39947509766 
    0.0054875283   -0.48150634766 
    0.0055102041   -0.53256225586 
    0.0055328798   -0.56585693359 
    0.0055555556   -0.60150146484 
    0.0055782313   -0.64239501953 
     0.005600907   -0.67694091797 
    0.0056235828    -0.6955871582 
    0.0056462585   -0.69564819336 
    0.0056689342   -0.67910766602 
      0.00569161   -0.65902709961 
    0.0057142857   -0.65100097656 
    0.0057369615   -0.65817260742 
    0.0057596372   -0.67864990234 
    0.0057823129   -0.71887207031 
    0.0058049887   -0.77731323242 
    0.0058276644    -0.8385925293 
    0.0058503401   -0.88888549805 
    0.0058730159   -0.92395019531 
    0.0058956916   -0.95297241211 
    0.0059183673   -0.98739624023 
    0.0059410431               -1 
    0.0059637188               -1 
    0.0059863946               -1 
    0.0060090703               -1 
     0.006031746               -1 
    0.0060544218   -0.96234130859 
    0.0060770975    -0.9192199707 
    0.0060997732   -0.87298583984 
     0.006122449   -0.81900024414 
    0.0061451247   -0.75750732422 
    0.0061678005   -0.69464111328 
    0.0061904762   -0.63952636719 
    0.0062131519   -0.59432983398 
    0.0062358277   -0.55209350586 
    0.0062585034   -0.51019287109 
    0.0062811791   -0.47927856445 
    0.0063038549   -0.47378540039 
    0.0063265306   -0.49291992188 
    0.0063492063   -0.51739501953 
    0.0063718821   -0.52581787109 
    0.0063945578   -0.51260375977 
    0.0064172336   -0.49554443359 
    0.0064399093   -0.50061035156 
     0.006462585   -0.52743530273 
    0.0064852608   -0.54650878906 
    0.0065079365   -0.53149414062 
    0.0065306122   -0.48840332031 
     0.006553288   -0.44107055664 
    0.0065759637   -0.40487670898 
    0.0065986395   -0.37991333008 
    0.0066213152   -0.35699462891 
    0.0066439909   -0.32333374023 
    0.0066666667   -0.27337646484 
    0.0066893424   -0.21322631836 
    0.0067120181   -0.15075683594 
    0.0067346939  -0.092529296875 
    0.0067573696  -0.049285888672 
    0.0067800454  -0.031616210938 
    0.0068027211  -0.033111572266 
