; Sample Rate 44100
; Channels 1
               0  -0.0060424804688 
   2.2675737e-05   0.068420410156 
   4.5351474e-05    0.14126586914 
   6.8027211e-05        0.1953125 
   9.0702948e-05    0.23034667969 
   0.00011337868    0.26190185547 
   0.00013605442     0.2942199707 
   0.00015873016    0.31167602539 
    0.0001814059      0.298828125 
   0.00020408163    0.26257324219 
   0.00022675737    0.22631835938 
   0.00024943311    0.20086669922 
   0.00027210884    0.17462158203 
   0.00029478458    0.12634277344 
   0.00031746032   0.051208496094 
   0.00034013605  -0.034515380859 
   0.00036281179   -0.10437011719 
   0.00038548753   -0.14346313477 
   0.00040816327   -0.15539550781 
     0.000430839   -0.15994262695 
   0.00045351474   -0.16580200195 
   0.00047619048    -0.1653137207 
   0.00049886621    -0.1510925293 
   0.00052154195   -0.11795043945 
   0.00054421769  -0.069519042969 
   0.00056689342  -0.013458251953 
   0.00058956916   0.038360595703 
    0.0006122449   0.078674316406 
   0.00063492063    0.11056518555 
   0.00065759637    0.13848876953 
   0.00068027211    0.15951538086 
   0.00070294785     0.1653137207 
   0.00072562358    0.15777587891 
   0.00074829932    0.14807128906 
   0.00077097506    0.14749145508 
   0.00079365079    0.15155029297 
   0.00081632653    0.14996337891 
   0.00083900227     0.1393737793 
     0.000861678    0.13095092773 
   0.00088435374     0.1408996582 
   0.00090702948    0.16818237305 
   0.00092970522     0.1989440918 
   0.00095238095    0.22482299805 
   0.00097505669    0.24649047852 
   0.00099773243    0.26586914062 
    0.0010204082    0.28271484375 
    0.0010430839    0.29318237305 
    0.0010657596    0.29135131836 
    0.0010884354    0.27478027344 
    0.0011111111    0.24987792969 
    0.0011337868    0.22314453125 
    0.0011564626    0.18814086914 
    0.0011791383    0.13711547852 
    0.0012018141   0.076263427734 
    0.0012244898   0.024291992188 
    0.0012471655  -0.0081787109375 
    0.0012698413  -0.023834228516 
     0.001292517  -0.036651611328 
    0.0013151927  -0.067138671875 
    0.0013378685   -0.12649536133 
    0.0013605442   -0.20071411133 
      0.00138322   -0.25622558594 
    0.0014058957   -0.27481079102 
    0.0014285714   -0.27062988281 
    0.0014512472   -0.27139282227 
    0.0014739229   -0.29180908203 
    0.0014965986    -0.3205871582 
    0.0015192744   -0.32873535156 
    0.0015419501   -0.30917358398 
    0.0015646259   -0.28439331055 
    0.0015873016   -0.27270507812 
    0.0016099773    -0.2688293457 
    0.0016326531   -0.25622558594 
    0.0016553288        -0.234375 
    0.0016780045   -0.21655273438 
    0.0017006803   -0.20852661133 
     0.001723356   -0.20458984375 
    0.0017460317   -0.19155883789 
    0.0017687075    -0.1667175293 
    0.0017913832   -0.13861083984 
     0.001814059   -0.11618041992 
    0.0018367347   -0.10620117188 
    0.0018594104   -0.10510253906 
    0.0018820862   -0.10299682617 
    0.0019047619   -0.10177612305 
    0.0019274376   -0.11364746094 
    0.0019501134   -0.14825439453 
    0.0019727891   -0.19799804688 
    0.0019954649    -0.2341003418 
    0.0020181406    -0.2317199707 
    0.0020408163   -0.18902587891 
    0.0020634921   -0.12936401367 
    0.0020861678  -0.079315185547 
    0.0021088435  -0.044799804688 
    0.0021315193  -0.018707275391 
     0.002154195    0.00634765625 
    0.0021768707   0.039276123047 
    0.0021995465   0.085693359375 
    0.0022222222    0.13278198242 
     0.002244898    0.17126464844 
    0.0022675737    0.20935058594 
    0.0022902494    0.25350952148 
    0.0023129252    0.29309082031 
    0.0023356009    0.30853271484 
    0.0023582766     0.2903137207 
    0.0023809524    0.25653076172 
    0.0024036281    0.23004150391 
    0.0024263039    0.21658325195 
    0.0024489796    0.20510864258 
    0.0024716553    0.18231201172 
    0.0024943311    0.14407348633 
    0.0025170068   0.099700927734 
    0.0025396825   0.072357177734 
    0.0025623583   0.071350097656 
     0.002585034   0.083923339844 
    0.0026077098   0.091430664062 
    0.0026303855   0.083099365234 
    0.0026530612   0.066986083984 
     0.002675737   0.059356689453 
    0.0026984127   0.072448730469 
    0.0027210884   0.099304199219 
    0.0027437642    0.12023925781 
    0.0027664399    0.12551879883 
    0.0027891156    0.13330078125 
    0.0028117914    0.16067504883 
    0.0028344671    0.19134521484 
    0.0028571429    0.19036865234 
    0.0028798186    0.14468383789 
    0.0029024943   0.088012695312 
    0.0029251701   0.061981201172 
    0.0029478458   0.066925048828 
    0.0029705215    0.07275390625 
    0.0029931973   0.065063476562 
     0.003015873   0.057739257812 
    0.0030385488   0.066436767578 
    0.0030612245   0.091217041016 
    0.0030839002    0.12182617188 
     0.003106576    0.15777587891 
    0.0031292517    0.20700073242 
    0.0031519274    0.27368164062 
    0.0031746032    0.35794067383 
    0.0031972789    0.44589233398 
    0.0032199546    0.50701904297 
    0.0032426304    0.52694702148 
    0.0032653061     0.5263671875 
    0.0032879819    0.53115844727 
    0.0033106576    0.54434204102 
    0.0033333333    0.54968261719 
    0.0033560091    0.53533935547 
    0.0033786848     0.5065612793 
    0.0034013605    0.47763061523 
    0.0034240363    0.45965576172 
     0.003446712    0.45947265625 
    0.0034693878    0.46896362305 
    0.0034920635    0.46984863281 
    0.0035147392    0.46328735352 
     0.003537415    0.47290039062 
    0.0035600907    0.51473999023 
    0.0035827664    0.57998657227 
    0.0036054422    0.64996337891 
    0.0036281179    0.70864868164 
    0.0036507937    0.75350952148 
    0.0036734694    0.79345703125 
    0.0036961451    0.83981323242 
    0.0037188209    0.88989257812 
    0.0037414966    0.92343139648 
    0.0037641723    0.93133544922 
    0.0037868481    0.92074584961 
    0.0038095238     0.8987121582 
    0.0038321995    0.85784912109 
    0.0038548753    0.78179931641 
     0.003877551     0.6630859375 
    0.0039002268    0.51803588867 
    0.0039229025    0.37994384766 
    0.0039455782    0.27352905273 
     0.003968254    0.19152832031 
    0.0039909297    0.10629272461 
    0.0040136054  0.0096740722656 
    0.0040362812  -0.080902099609 
    0.0040589569   -0.14251708984 
    0.0040816327   -0.16348266602 
    0.0041043084   -0.15151977539 
    0.0041269841   -0.13153076172 
    0.0041496599   -0.12106323242 
    0.0041723356   -0.10903930664 
    0.0041950113  -0.075012207031 
    0.0042176871  -0.021148681641 
    0.0042403628   0.029510498047 
    0.0042630385   0.065124511719 
    0.0042857143   0.093597412109 
      0.00430839    0.12408447266 
    0.0043310658    0.15744018555 
    0.0043537415    0.18579101562 
    0.0043764172    0.19653320312 
     0.004399093     0.1884765625 
    0.0044217687    0.18130493164 
    0.0044444444    0.19119262695 
    0.0044671202    0.20892333984 
    0.0044897959    0.20709228516 
    0.0045124717    0.17858886719 
    0.0045351474    0.14218139648 
    0.0045578231    0.12310791016 
    0.0045804989    0.13192749023 
    0.0046031746    0.16024780273 
    0.0046258503    0.19076538086 
    0.0046485261    0.20928955078 
    0.0046712018     0.2138671875 
    0.0046938776    0.21081542969 
    0.0047165533    0.21395874023 
     0.004739229    0.23440551758 
    0.0047619048    0.27429199219 
    0.0047845805    0.32534790039 
    0.0048072562     0.3811340332 
     0.004829932    0.44845581055 
    0.0048526077    0.53182983398 
    0.0048752834    0.61279296875 
    0.0048979592    0.66540527344 
    0.0049206349    0.69692993164 
    0.0049433107    0.73162841797 
    0.0049659864     0.7721862793 
    0.0049886621     0.7966003418 
    0.0050113379    0.78375244141 
    0.0050340136    0.73135375977 
    0.0050566893    0.65710449219 
    0.0050793651     0.5876159668 
    0.0051020408    0.53326416016 
    0.0051247166    0.47598266602 
    0.0051473923    0.38955688477 
     0.005170068    0.27096557617 
    0.0051927438    0.14422607422 
    0.0052154195   0.032470703125 
    0.0052380952      -0.05859375 
     0.005260771   -0.13931274414 
    0.0052834467   -0.22738647461 
    0.0053061224   -0.32473754883 
    0.0053287982   -0.40966796875 
    0.0053514739   -0.46481323242 
    0.0053741497   -0.49765014648 
    0.0053968254    -0.5329284668 
    0.0054195011      -0.58203125 
    0.0054421769   -0.63104248047 
    0.0054648526    -0.6637878418 
    0.0054875283   -0.67971801758 
    0.0055102041   -0.69302368164 
    0.0055328798   -0.72280883789 
    0.0055555556   -0.77209472656 
    0.0055782313   -0.81900024414 
     0.005600907   -0.83895874023 
    0.0056235828   -0.83563232422 
    0.0056462585   -0.83938598633 
    0.0056689342    -0.8698425293 
      0.00569161   -0.90759277344 
    0.0057142857   -0.92868041992 
    0.0057369615   -0.92922973633 
    0.0057596372   -0.91845703125 
    0.0057823129   -0.90115356445 
    0.0058049887   -0.87640380859 
    0.0058276644   -0.84323120117 
    0.0058503401   -0.80529785156 
    0.0058730159   -0.77612304688 
    0.0058956916   -0.76846313477 
    0.0059183673   -0.77917480469 
    0.0059410431   -0.78796386719 
    0.0059637188   -0.78085327148 
    0.0059863946   -0.76959228516 
    0.0060090703   -0.77676391602 
     0.006031746   -0.80938720703 
    0.0060544218   -0.85089111328 
    0.0060770975   -0.87191772461 
    0.0060997732   -0.85244750977 
     0.006122449   -0.79904174805 
    0.0061451247   -0.73712158203 
    0.0061678005   -0.68533325195 
    0.0061904762   -0.64190673828 
    0.0062131519   -0.59289550781 
    0.0062358277   -0.52362060547 
    0.0062585034   -0.42938232422 
    0.0062811791   -0.33340454102 
    0.0063038549   -0.27011108398 
    0.0063265306   -0.24359130859 
    0.0063492063   -0.22857666016 
    0.0063718821   -0.20880126953 
    0.0063945578   -0.19357299805 
    0.0064172336   -0.19570922852 
    0.0064399093   -0.21615600586 
     0.006462585   -0.24298095703 
    0.0064852608   -0.26861572266 
    0.0065079365   -0.29656982422 
    0.0065306122   -0.32876586914 
     0.006553288   -0.36431884766 
    0.0065759637   -0.39434814453 
    0.0065986395   -0.39822387695 
    0.0066213152   -0.36602783203 
    0.0066439909   -0.31072998047 
    0.0066666667   -0.25189208984 
    0.0066893424   -0.19430541992 
    0.0067120181   -0.12945556641 
