; Sample Rate 44100
; Channels 1
               0  0.0027465820312 
   2.2675737e-05    0.02294921875 
   4.5351474e-05   0.036834716797 
   6.8027211e-05   0.044616699219 
   9.0702948e-05   0.047119140625 
   0.00011337868    0.05029296875 
   0.00013605442    0.07568359375 
   0.00015873016    0.13995361328 
    0.0001814059    0.21636962891 
   0.00020408163    0.25329589844 
   0.00022675737    0.23913574219 
   0.00024943311    0.20950317383 
   0.00027210884    0.19696044922 
   0.00029478458    0.19799804688 
   0.00031746032    0.18521118164 
   0.00034013605     0.1379699707 
   0.00036281179   0.064300537109 
   0.00038548753  -0.0076599121094 
   0.00040816327  -0.059936523438 
     0.000430839   -0.10479736328 
   0.00045351474   -0.16012573242 
   0.00047619048   -0.21981811523 
   0.00049886621   -0.26190185547 
   0.00052154195   -0.27502441406 
   0.00054421769   -0.25765991211 
   0.00056689342   -0.21557617188 
   0.00058956916   -0.16763305664 
    0.0006122449    -0.1266784668 
   0.00063492063  -0.079895019531 
   0.00065759637  -0.0070495605469 
   0.00068027211   0.077819824219 
   0.00070294785    0.13403320312 
   0.00072562358    0.14654541016 
   0.00074829932     0.1467590332 
   0.00077097506    0.16882324219 
   0.00079365079    0.21533203125 
   0.00081632653    0.26135253906 
   0.00083900227    0.28021240234 
     0.000861678    0.26959228516 
   0.00088435374    0.24987792969 
   0.00090702948    0.24389648438 
   0.00092970522    0.24505615234 
   0.00095238095    0.22314453125 
   0.00097505669    0.17153930664 
   0.00099773243    0.12414550781 
    0.0010204082    0.10913085938 
    0.0010430839    0.11712646484 
    0.0010657596    0.12286376953 
    0.0010884354    0.11029052734 
    0.0011111111   0.087921142578 
    0.0011337868   0.076812744141 
    0.0011564626    0.08642578125 
    0.0011791383    0.10562133789 
    0.0012018141    0.11660766602 
    0.0012244898    0.10739135742 
    0.0012471655   0.070159912109 
    0.0012698413   0.016235351562 
     0.001292517  -0.034149169922 
    0.0013151927  -0.069152832031 
    0.0013378685   -0.10382080078 
    0.0013605442   -0.15548706055 
      0.00138322   -0.21560668945 
    0.0014058957   -0.26617431641 
    0.0014285714   -0.30169677734 
    0.0014512472   -0.32168579102 
    0.0014739229   -0.32778930664 
    0.0014965986   -0.32986450195 
    0.0015192744   -0.33181762695 
    0.0015419501   -0.32369995117 
    0.0015646259   -0.29370117188 
    0.0015873016   -0.25299072266 
    0.0016099773    -0.2282409668 
    0.0016326531   -0.21923828125 
    0.0016553288   -0.19882202148 
    0.0016780045   -0.15451049805 
    0.0017006803   -0.10797119141 
     0.001723356  -0.085693359375 
    0.0017460317  -0.091644287109 
    0.0017687075   -0.10855102539 
    0.0017913832   -0.11489868164 
     0.001814059  -0.096527099609 
    0.0018367347  -0.057922363281 
    0.0018594104  -0.024871826172 
    0.0018820862  -0.014556884766 
    0.0019047619  -0.014190673828 
    0.0019274376  -0.0049438476562 
    0.0019501134   0.013397216797 
    0.0019727891   0.026428222656 
    0.0019954649   0.031127929688 
    0.0020181406   0.038909912109 
    0.0020408163   0.057403564453 
    0.0020634921   0.083770751953 
    0.0020861678    0.10726928711 
    0.0021088435    0.11990356445 
    0.0021315193     0.1247253418 
     0.002154195    0.13656616211 
    0.0021768707    0.16729736328 
    0.0021995465    0.20840454102 
    0.0022222222    0.23602294922 
     0.002244898    0.23590087891 
    0.0022675737    0.22314453125 
    0.0022902494    0.22659301758 
    0.0023129252    0.26217651367 
    0.0023356009    0.31442260742 
    0.0023582766    0.35433959961 
    0.0023809524    0.37475585938 
    0.0024036281    0.38424682617 
    0.0024263039    0.38906860352 
    0.0024489796    0.38793945312 
    0.0024716553    0.38049316406 
    0.0024943311    0.36666870117 
    0.0025170068    0.33874511719 
    0.0025396825    0.29382324219 
    0.0025623583    0.24520874023 
     0.002585034    0.20623779297 
    0.0026077098    0.17581176758 
    0.0026303855    0.15264892578 
    0.0026530612    0.14413452148 
     0.002675737    0.15060424805 
    0.0026984127    0.16268920898 
    0.0027210884    0.17276000977 
    0.0027437642    0.17617797852 
    0.0027664399    0.16662597656 
    0.0027891156    0.15200805664 
    0.0028117914    0.16006469727 
    0.0028344671    0.19989013672 
    0.0028571429     0.2380065918 
    0.0028798186    0.24047851562 
    0.0029024943    0.21942138672 
    0.0029251701    0.21292114258 
    0.0029478458    0.23434448242 
    0.0029705215    0.26159667969 
    0.0029931973    0.27362060547 
     0.003015873    0.27416992188 
    0.0030385488    0.27670288086 
    0.0030612245    0.28784179688 
    0.0030839002    0.30169677734 
     0.003106576    0.30630493164 
    0.0031292517    0.29727172852 
    0.0031519274    0.28198242188 
    0.0031746032    0.28158569336 
    0.0031972789     0.3078918457 
    0.0032199546    0.35543823242 
    0.0032426304    0.40621948242 
    0.0032653061    0.44372558594 
    0.0032879819    0.47012329102 
    0.0033106576    0.49795532227 
    0.0033333333    0.53726196289 
    0.0033560091    0.58200073242 
    0.0033786848    0.61901855469 
    0.0034013605    0.64181518555 
    0.0034240363    0.65335083008 
     0.003446712    0.66162109375 
    0.0034693878    0.66586303711 
    0.0034920635    0.66333007812 
    0.0035147392    0.64666748047 
     0.003537415    0.61199951172 
    0.0035600907    0.57287597656 
    0.0035827664    0.54821777344 
    0.0036054422    0.54263305664 
    0.0036281179    0.54699707031 
    0.0036507937    0.56076049805 
    0.0036734694    0.58963012695 
    0.0036961451    0.63250732422 
    0.0037188209     0.6755065918 
    0.0037414966    0.69958496094 
    0.0037641723    0.69952392578 
    0.0037868481    0.68692016602 
    0.0038095238    0.68569946289 
    0.0038321995    0.69946289062 
    0.0038548753    0.70587158203 
     0.003877551    0.67642211914 
    0.0039002268    0.59454345703 
    0.0039229025     0.4697265625 
    0.0039455782    0.33657836914 
     0.003968254    0.22604370117 
    0.0039909297    0.14056396484 
    0.0040136054   0.060363769531 
    0.0040362812  -0.032043457031 
    0.0040589569   -0.13876342773 
    0.0040816327    -0.2419128418 
    0.0041043084    -0.3180847168 
    0.0041269841   -0.34948730469 
    0.0041496599   -0.34320068359 
    0.0041723356   -0.32147216797 
    0.0041950113   -0.29180908203 
    0.0042176871   -0.24746704102 
    0.0042403628   -0.18649291992 
    0.0042630385   -0.11965942383 
    0.0042857143  -0.058868408203 
      0.00430839  -0.00091552734375 
    0.0043310658   0.068145751953 
    0.0043537415    0.14953613281 
    0.0043764172    0.22396850586 
     0.004399093    0.27099609375 
    0.0044217687    0.28796386719 
    0.0044444444    0.28961181641 
    0.0044671202    0.28945922852 
    0.0044897959     0.2822265625 
    0.0045124717    0.26089477539 
    0.0045351474     0.2301940918 
    0.0045578231    0.20239257812 
    0.0045804989    0.18832397461 
    0.0046031746    0.18823242188 
    0.0046258503    0.19348144531 
    0.0046485261    0.19793701172 
    0.0046712018    0.19927978516 
    0.0046938776     0.2048034668 
    0.0047165533     0.2314453125 
     0.004739229    0.27844238281 
    0.0047619048    0.32510375977 
    0.0047845805    0.35723876953 
    0.0048072562    0.38104248047 
     0.004829932    0.41082763672 
    0.0048526077    0.44689941406 
    0.0048752834    0.48031616211 
    0.0048979592    0.50592041016 
    0.0049206349    0.52905273438 
    0.0049433107    0.55590820312 
    0.0049659864    0.59008789062 
    0.0049886621    0.62536621094 
    0.0050113379    0.64068603516 
    0.0050340136    0.61602783203 
    0.0050566893    0.55700683594 
    0.0050793651    0.49017333984 
    0.0051020408    0.43078613281 
    0.0051247166    0.36450195312 
    0.0051473923    0.28009033203 
     0.005170068    0.18923950195 
    0.0051927438    0.10046386719 
    0.0052154195  0.0050659179688 
    0.0052380952   -0.11047363281 
     0.005260771     -0.244140625 
    0.0052834467   -0.37780761719 
    0.0053061224   -0.49911499023 
    0.0053287982   -0.60922241211 
    0.0053514739   -0.70965576172 
    0.0053741497   -0.79254150391 
    0.0053968254   -0.85659790039 
    0.0054195011   -0.90444946289 
    0.0054421769   -0.94030761719 
    0.0054648526   -0.96209716797 
    0.0054875283   -0.96743774414 
    0.0055102041   -0.95550537109 
    0.0055328798   -0.93225097656 
    0.0055555556   -0.91186523438 
    0.0055782313   -0.90460205078 
     0.005600907      -0.91015625 
    0.0056235828   -0.91467285156 
    0.0056462585   -0.91122436523 
    0.0056689342   -0.91259765625 
      0.00569161   -0.92984008789 
    0.0057142857   -0.95083618164 
    0.0057369615   -0.95626831055 
    0.0057596372    -0.9485168457 
    0.0057823129   -0.93923950195 
    0.0058049887    -0.9387512207 
    0.0058276644   -0.94747924805 
    0.0058503401   -0.95831298828 
    0.0058730159    -0.9592590332 
    0.0058956916   -0.94711303711 
    0.0059183673   -0.93356323242 
    0.0059410431   -0.92849731445 
    0.0059637188   -0.92526245117 
    0.0059863946   -0.90496826172 
    0.0060090703   -0.85995483398 
     0.006031746   -0.80703735352 
    0.0060544218   -0.76635742188 
    0.0060770975   -0.74490356445 
    0.0060997732   -0.74081420898 
     0.006122449   -0.74099731445 
    0.0061451247   -0.72988891602 
    0.0061678005   -0.69869995117 
    0.0061904762   -0.65036010742 
    0.0062131519   -0.59963989258 
    0.0062358277   -0.55529785156 
    0.0062585034   -0.51428222656 
    0.0062811791   -0.46871948242 
    0.0063038549   -0.42190551758 
    0.0063265306   -0.37994384766 
    0.0063492063    -0.3450012207 
    0.0063718821   -0.30712890625 
    0.0063945578   -0.25985717773 
    0.0064172336   -0.20965576172 
    0.0064399093   -0.16882324219 
     0.006462585   -0.14660644531 
    0.0064852608    -0.1418762207 
    0.0065079365   -0.14532470703 
    0.0065306122   -0.14801025391 
     0.006553288   -0.15246582031 
    0.0065759637   -0.16915893555 
    0.0065986395   -0.20358276367 
    0.0066213152   -0.24575805664 
    0.0066439909   -0.26824951172 
    0.0066666667   -0.25820922852 
    0.0066893424    -0.2219543457 
    0.0067120181   -0.17346191406 
    0.0067346939   -0.12164306641 
    0.0067573696  -0.068481445312 
