; Sample Rate 44100
; Channels 1
               0  -0.00045776367188 
   2.2675737e-05   0.026428222656 
   4.5351474e-05   0.047729492188 
   6.8027211e-05   0.065765380859 
   9.0702948e-05   0.078033447266 
   0.00011337868    0.08154296875 
   0.00013605442   0.076507568359 
   0.00015873016   0.070159912109 
    0.0001814059    0.06982421875 
   0.00020408163   0.072692871094 
   0.00022675737   0.067169189453 
   0.00024943311   0.051208496094 
   0.00027210884   0.036254882812 
   0.00029478458   0.036346435547 
   0.00031746032   0.048431396484 
   0.00034013605   0.055694580078 
   0.00036281179   0.047424316406 
   0.00038548753   0.029052734375 
   0.00040816327   0.012237548828 
     0.000430839  0.0051574707031 
   0.00045351474  0.0064697265625 
   0.00047619048   0.010131835938 
   0.00049886621  0.0098876953125 
   0.00052154195    0.00341796875 
   0.00054421769  -0.0054016113281 
   0.00056689342  -0.015930175781 
   0.00058956916  -0.032440185547 
    0.0006122449  -0.056945800781 
   0.00063492063  -0.081939697266 
   0.00065759637  -0.098052978516 
   0.00068027211  -0.099029541016 
   0.00070294785  -0.087921142578 
   0.00072562358  -0.081207275391 
   0.00074829932  -0.088317871094 
   0.00077097506  -0.098693847656 
   0.00079365079  -0.094024658203 
   0.00081632653  -0.067687988281 
   0.00083900227  -0.027099609375 
     0.000861678   0.018707275391 
   0.00088435374    0.05908203125 
   0.00090702948   0.091583251953 
   0.00092970522    0.12423706055 
   0.00095238095    0.16445922852 
   0.00097505669    0.20764160156 
   0.00099773243    0.23806762695 
    0.0010204082    0.25039672852 
    0.0010430839    0.24942016602 
    0.0010657596    0.23880004883 
    0.0010884354    0.21368408203 
    0.0011111111    0.16983032227 
    0.0011337868    0.11447143555 
    0.0011564626   0.065612792969 
    0.0011791383   0.038635253906 
    0.0012018141   0.028045654297 
    0.0012244898   0.012634277344 
    0.0012471655  -0.018951416016 
    0.0012698413  -0.053192138672 
     0.001292517  -0.072937011719 
    0.0013151927  -0.075866699219 
    0.0013378685  -0.072479248047 
    0.0013605442  -0.072662353516 
      0.00138322  -0.076354980469 
    0.0014058957  -0.076751708984 
    0.0014285714   -0.06494140625 
    0.0014512472  -0.045440673828 
    0.0014739229  -0.033630371094 
    0.0014965986    -0.0419921875 
    0.0015192744  -0.069427490234 
    0.0015419501   -0.10302734375 
    0.0015646259   -0.13366699219 
    0.0015873016    -0.1614074707 
    0.0016099773   -0.19268798828 
    0.0016326531    -0.2331237793 
    0.0016553288   -0.28204345703 
    0.0016780045   -0.32797241211 
    0.0017006803   -0.35845947266 
     0.001723356    -0.3772277832 
    0.0017460317   -0.39489746094 
    0.0017687075   -0.41653442383 
    0.0017913832   -0.43621826172 
     0.001814059   -0.44149780273 
    0.0018367347   -0.42517089844 
    0.0018594104   -0.39270019531 
    0.0018820862   -0.35577392578 
    0.0019047619   -0.32669067383 
    0.0019274376   -0.31335449219 
    0.0019501134   -0.31188964844 
    0.0019727891   -0.30941772461 
    0.0019954649   -0.29806518555 
    0.0020181406   -0.28302001953 
    0.0020408163   -0.27908325195 
    0.0020634921   -0.29656982422 
    0.0020861678   -0.32958984375 
    0.0021088435   -0.36322021484 
    0.0021315193   -0.38897705078 
     0.002154195   -0.40289306641 
    0.0021768707   -0.39752197266 
    0.0021995465   -0.36944580078 
    0.0022222222   -0.32885742188 
     0.002244898   -0.28887939453 
    0.0022675737   -0.25067138672 
    0.0022902494   -0.20349121094 
    0.0023129252   -0.13824462891 
    0.0023356009  -0.057922363281 
    0.0023582766   0.020690917969 
    0.0023809524   0.078063964844 
    0.0024036281    0.10458374023 
    0.0024263039    0.11074829102 
    0.0024489796    0.11676025391 
    0.0024716553    0.13519287109 
    0.0024943311    0.15832519531 
    0.0025170068    0.16732788086 
    0.0025396825    0.15270996094 
    0.0025623583    0.12075805664 
     0.002585034   0.084655761719 
    0.0026077098   0.049774169922 
    0.0026303855   0.014984130859 
    0.0026530612  -0.019317626953 
     0.002675737  -0.049896240234 
    0.0026984127  -0.072204589844 
    0.0027210884  -0.079864501953 
    0.0027437642   -0.06884765625 
    0.0027664399  -0.046844482422 
    0.0027891156  -0.024780273438 
    0.0028117914    -0.0048828125 
    0.0028344671   0.021667480469 
    0.0028571429   0.060516357422 
    0.0028798186    0.11108398438 
    0.0029024943    0.16510009766 
    0.0029251701    0.20617675781 
    0.0029478458    0.22491455078 
    0.0029705215    0.22747802734 
    0.0029931973    0.22991943359 
     0.003015873    0.24172973633 
    0.0030385488    0.25817871094 
    0.0030612245    0.26748657227 
    0.0030839002    0.26000976562 
     0.003106576    0.23678588867 
    0.0031292517    0.20355224609 
    0.0031519274    0.16833496094 
    0.0031746032     0.1379699707 
    0.0031972789    0.11813354492 
    0.0032199546    0.10397338867 
    0.0032426304   0.084716796875 
    0.0032653061   0.058319091797 
    0.0032879819   0.037414550781 
    0.0033106576   0.037719726562 
    0.0033333333   0.065185546875 
    0.0033560091    0.10668945312 
    0.0033786848    0.14437866211 
    0.0034013605    0.16973876953 
    0.0034240363    0.18786621094 
     0.003446712     0.2141418457 
    0.0034693878    0.26440429688 
    0.0034920635    0.34197998047 
    0.0035147392    0.43643188477 
     0.003537415    0.53286743164 
    0.0035600907    0.61953735352 
    0.0035827664    0.69387817383 
    0.0036054422    0.76116943359 
    0.0036281179    0.82498168945 
    0.0036507937    0.87686157227 
    0.0036734694    0.90240478516 
    0.0036961451    0.90179443359 
    0.0037188209    0.88507080078 
    0.0037414966    0.85971069336 
    0.0037641723    0.82409667969 
    0.0037868481    0.77182006836 
    0.0038095238    0.70748901367 
    0.0038321995    0.64849853516 
    0.0038548753    0.60824584961 
     0.003877551    0.58026123047 
    0.0039002268    0.54693603516 
    0.0039229025    0.49566650391 
    0.0039455782    0.43106079102 
     0.003968254    0.37313842773 
    0.0039909297    0.34057617188 
    0.0040136054    0.34240722656 
    0.0040362812    0.37130737305 
    0.0040589569    0.41131591797 
    0.0040816327    0.44580078125 
    0.0041043084    0.46295166016 
    0.0041269841    0.46389770508 
    0.0041496599     0.4612121582 
    0.0041723356    0.46377563477 
    0.0041950113    0.46203613281 
    0.0042176871     0.4423828125 
    0.0042403628    0.40133666992 
    0.0042630385    0.34271240234 
    0.0042857143    0.27774047852 
      0.00430839    0.21542358398 
    0.0043310658    0.16098022461 
    0.0043537415    0.11785888672 
    0.0043764172   0.083221435547 
     0.004399093   0.048858642578 
    0.0044217687   0.010345458984 
    0.0044444444  -0.024993896484 
    0.0044671202  -0.043762207031 
    0.0044897959  -0.039947509766 
    0.0045124717  -0.026733398438 
    0.0045351474  -0.020599365234 
    0.0045578231  -0.025268554688 
    0.0045804989  -0.032073974609 
    0.0046031746  -0.027557373047 
    0.0046258503  -0.0046081542969 
    0.0046485261   0.030914306641 
    0.0046712018   0.061614990234 
    0.0046938776   0.074066162109 
    0.0047165533   0.072814941406 
     0.004739229   0.076080322266 
    0.0047619048     0.0986328125 
    0.0047845805    0.14282226562 
    0.0048072562    0.20254516602 
     0.004829932     0.2698059082 
    0.0048526077    0.34210205078 
    0.0048752834    0.42190551758 
    0.0048979592     0.5090637207 
    0.0049206349     0.5944519043 
    0.0049433107    0.66369628906 
    0.0049659864    0.70657348633 
    0.0049886621    0.72482299805 
    0.0050113379    0.73168945312 
    0.0050340136    0.73760986328 
    0.0050566893    0.74078369141 
    0.0050793651    0.73062133789 
    0.0051020408    0.69757080078 
    0.0051247166    0.64385986328 
    0.0051473923     0.5810546875 
     0.005170068    0.51638793945 
    0.0051927438     0.4475402832 
    0.0052154195    0.37661743164 
    0.0052380952    0.31182861328 
     0.005260771    0.25701904297 
    0.0052834467    0.20709228516 
    0.0053061224    0.15548706055 
    0.0053287982    0.10891723633 
    0.0053514739   0.079040527344 
    0.0053741497   0.070556640625 
    0.0053968254   0.079620361328 
    0.0054195011   0.095886230469 
    0.0054421769    0.10614013672 
    0.0054648526   0.099365234375 
    0.0054875283   0.075317382812 
    0.0055102041   0.039489746094 
    0.0055328798  -0.0080871582031 
    0.0055555556  -0.069580078125 
    0.0055782313   -0.14535522461 
     0.005600907   -0.23550415039 
    0.0056235828   -0.33374023438 
    0.0056462585   -0.42739868164 
    0.0056689342   -0.50296020508 
      0.00569161   -0.55661010742 
    0.0057142857   -0.59808349609 
    0.0057369615   -0.64068603516 
    0.0057596372   -0.68795776367 
    0.0057823129   -0.72906494141 
    0.0058049887   -0.75479125977 
    0.0058276644   -0.76416015625 
    0.0058503401    -0.7600402832 
    0.0058730159   -0.74240112305 
    0.0058956916   -0.71343994141 
    0.0059183673   -0.68362426758 
    0.0059410431   -0.66036987305 
    0.0059637188   -0.64468383789 
    0.0059863946    -0.6318359375 
    0.0060090703    -0.6181640625 
     0.006031746   -0.59854125977 
    0.0060544218    -0.5693359375 
    0.0060770975   -0.54046630859 
    0.0060997732    -0.5283203125 
     0.006122449    -0.5378112793 
    0.0061451247   -0.55606079102 
    0.0061678005   -0.56335449219 
    0.0061904762   -0.55377197266 
    0.0062131519   -0.53616333008 
    0.0062358277   -0.52325439453 
    0.0062585034      -0.51953125 
    0.0062811791    -0.5246887207 
    0.0063038549   -0.53707885742 
    0.0063265306    -0.5563659668 
    0.0063492063   -0.57977294922 
    0.0063718821   -0.59417724609 
    0.0063945578    -0.5849609375 
    0.0064172336   -0.54879760742 
    0.0064399093   -0.50207519531 
     0.006462585   -0.46759033203 
    0.0064852608   -0.45358276367 
    0.0065079365   -0.44583129883 
    0.0065306122   -0.41958618164 
     0.006553288   -0.36630249023 
    0.0065759637   -0.30093383789 
    0.0065986395   -0.24673461914 
    0.0066213152   -0.21313476562 
    0.0066439909   -0.19100952148 
    0.0066666667   -0.16781616211 
    0.0066893424   -0.13555908203 
    0.0067120181  -0.096221923828 
    0.0067346939  -0.060974121094 
    0.0067573696  -0.040771484375 
    0.0067800454  -0.038604736328 
    0.0068027211  -0.045196533203 
    0.0068253968  -0.045562744141 
    0.0068480726  -0.032531738281 
    0.0068707483  -0.013763427734 
     0.006893424  -0.00057983398438 
    0.0069160998  0.0019836425781 
    0.0069387755  -0.0040588378906 
