; Sample Rate 44100
; Channels 1
               0  -0.0033874511719 
   2.2675737e-05  0.0020141601562 
   4.5351474e-05  0.0074768066406 
   6.8027211e-05   0.012512207031 
   9.0702948e-05   0.017120361328 
   0.00011337868   0.021392822266 
   0.00013605442   0.025329589844 
   0.00015873016   0.028442382812 
    0.0001814059   0.031372070312 
   0.00020408163   0.033752441406 
   0.00022675737   0.035308837891 
   0.00024943311   0.036529541016 
   0.00027210884   0.037017822266 
   0.00029478458   0.036834716797 
   0.00031746032     0.0361328125 
   0.00034013605   0.035003662109 
   0.00036281179   0.033020019531 
   0.00038548753   0.030822753906 
   0.00040816327   0.028472900391 
     0.000430839    0.02587890625 
   0.00045351474   0.023101806641 
   0.00047619048   0.020660400391 
   0.00049886621   0.018310546875 
   0.00052154195   0.016448974609 
   0.00054421769    0.01513671875 
   0.00056689342   0.014251708984 
   0.00058956916   0.014251708984 
    0.0006122449   0.014892578125 
   0.00063492063   0.015930175781 
   0.00065759637   0.017852783203 
   0.00068027211   0.021057128906 
   0.00070294785   0.025177001953 
   0.00072562358   0.030364990234 
   0.00074829932   0.037017822266 
   0.00077097506   0.044891357422 
   0.00079365079   0.053771972656 
   0.00081632653   0.063751220703 
   0.00083900227   0.075012207031 
     0.000861678   0.087097167969 
   0.00088435374    0.10003662109 
   0.00090702948    0.11389160156 
   0.00092970522    0.12817382812 
   0.00095238095    0.14245605469 
   0.00097505669    0.15664672852 
   0.00099773243    0.17053222656 
    0.0010204082    0.18356323242 
    0.0010430839    0.19555664062 
    0.0010657596    0.20587158203 
    0.0010884354    0.21432495117 
    0.0011111111      0.220703125 
    0.0011337868    0.22467041016 
    0.0011564626    0.22555541992 
    0.0011791383     0.2239074707 
    0.0012018141    0.21966552734 
    0.0012244898    0.21353149414 
    0.0012471655    0.20513916016 
    0.0012698413    0.19534301758 
     0.001292517    0.18472290039 
    0.0013151927    0.17309570312 
    0.0013378685    0.16119384766 
    0.0013605442    0.14935302734 
      0.00138322    0.13806152344 
    0.0014058957    0.12741088867 
    0.0014285714    0.11752319336 
    0.0014512472     0.1086730957 
    0.0014739229    0.10073852539 
    0.0014965986   0.094024658203 
    0.0015192744   0.088317871094 
    0.0015419501   0.083831787109 
    0.0015646259   0.080047607422 
    0.0015873016   0.077239990234 
    0.0016099773   0.075286865234 
    0.0016326531    0.07373046875 
    0.0016553288   0.072509765625 
    0.0016780045   0.071868896484 
    0.0017006803   0.070922851562 
     0.001723356    0.07080078125 
    0.0017460317   0.070739746094 
    0.0017687075   0.070892333984 
    0.0017913832   0.070922851562 
     0.001814059   0.070953369141 
    0.0018367347   0.070678710938 
    0.0018594104   0.070404052734 
    0.0018820862   0.069641113281 
    0.0019047619   0.068328857422 
    0.0019274376   0.066375732422 
    0.0019501134   0.063507080078 
    0.0019727891   0.059600830078 
    0.0019954649   0.054565429688 
    0.0020181406   0.048431396484 
    0.0020408163   0.040710449219 
    0.0020634921    0.03173828125 
    0.0020861678   0.021423339844 
    0.0021088435    0.01025390625 
    0.0021315193  -0.0023193359375 
     0.002154195  -0.015838623047 
    0.0021768707  -0.029602050781 
    0.0021995465  -0.044036865234 
    0.0022222222   -0.05810546875 
     0.002244898  -0.071655273438 
    0.0022675737  -0.084350585938 
    0.0022902494  -0.095825195312 
    0.0023129252   -0.10592651367 
    0.0023356009   -0.11450195312 
    0.0023582766   -0.12091064453 
    0.0023809524   -0.12606811523 
    0.0024036281   -0.12966918945 
    0.0024263039   -0.13180541992 
    0.0024489796   -0.13287353516 
    0.0024716553   -0.13262939453 
    0.0024943311    -0.1311340332 
    0.0025170068   -0.12908935547 
    0.0025396825   -0.12664794922 
    0.0025623583   -0.12362670898 
     0.002585034   -0.12048339844 
    0.0026077098    -0.1169128418 
    0.0026303855   -0.11373901367 
    0.0026530612   -0.11087036133 
     0.002675737   -0.10791015625 
    0.0026984127   -0.10556030273 
    0.0027210884   -0.10345458984 
    0.0027437642   -0.10168457031 
    0.0027664399   -0.10009765625 
    0.0027891156  -0.099090576172 
    0.0028117914  -0.098480224609 
    0.0028344671  -0.097961425781 
    0.0028571429  -0.097473144531 
    0.0028798186  -0.096893310547 
    0.0029024943  -0.096252441406 
    0.0029251701  -0.095642089844 
    0.0029478458  -0.094635009766 
    0.0029705215  -0.093658447266 
    0.0029931973  -0.092224121094 
     0.003015873  -0.090759277344 
    0.0030385488  -0.089050292969 
    0.0030612245  -0.087188720703 
    0.0030839002  -0.085083007812 
     0.003106576    -0.0830078125 
    0.0031292517  -0.080932617188 
    0.0031519274  -0.078674316406 
    0.0031746032  -0.076690673828 
    0.0031972789  -0.074890136719 
    0.0032199546  -0.072906494141 
    0.0032426304  -0.071502685547 
    0.0032653061  -0.070617675781 
    0.0032879819  -0.070220947266 
    0.0033106576  -0.070007324219 
    0.0033333333  -0.070495605469 
    0.0033560091  -0.071166992188 
    0.0033786848  -0.072387695312 
    0.0034013605  -0.073760986328 
    0.0034240363  -0.075225830078 
     0.003446712  -0.076782226562 
    0.0034693878  -0.078033447266 
    0.0034920635  -0.079620361328 
    0.0035147392    -0.0810546875 
     0.003537415  -0.082427978516 
    0.0035600907  -0.083679199219 
    0.0035827664  -0.084655761719 
    0.0036054422  -0.085388183594 
    0.0036281179  -0.085998535156 
    0.0036507937  -0.086212158203 
    0.0036734694  -0.085998535156 
    0.0036961451  -0.085632324219 
    0.0037188209  -0.084747314453 
    0.0037414966  -0.083251953125 
    0.0037641723  -0.081298828125 
    0.0037868481  -0.079284667969 
    0.0038095238  -0.076873779297 
    0.0038321995  -0.074157714844 
    0.0038548753  -0.071166992188 
     0.003877551  -0.068206787109 
    0.0039002268  -0.065093994141 
    0.0039229025  -0.062103271484 
    0.0039455782  -0.059173583984 
     0.003968254  -0.055786132812 
    0.0039909297  -0.052185058594 
    0.0040136054  -0.048614501953 
    0.0040362812  -0.045135498047 
    0.0040589569  -0.041442871094 
    0.0040816327  -0.037689208984 
    0.0041043084    -0.0341796875 
    0.0041269841  -0.030944824219 
    0.0041496599  -0.027923583984 
    0.0041723356   -0.02490234375 
    0.0041950113  -0.022064208984 
    0.0042176871  -0.019714355469 
    0.0042403628  -0.017364501953 
    0.0042630385  -0.015014648438 
    0.0042857143  -0.013000488281 
      0.00430839  -0.010925292969 
    0.0043310658  -0.0091552734375 
    0.0043537415  -0.0075988769531 
    0.0043764172  -0.0060729980469 
     0.004399093  -0.0050048828125 
    0.0044217687  -0.0037231445312 
    0.0044444444  -0.0027770996094 
    0.0044671202  -0.0019836425781 
    0.0044897959  -0.0008544921875 
    0.0045124717  -9.1552734375e-05 
    0.0045351474  0.00094604492188 
    0.0045578231  0.0019226074219 
    0.0045804989  0.0030212402344 
    0.0046031746  0.0042419433594 
    0.0046258503  0.0056457519531 
    0.0046485261  0.0070190429688 
    0.0046712018  0.0083618164062 
    0.0046938776  0.0089721679688 
    0.0047165533  0.0097045898438 
     0.004739229   0.010314941406 
    0.0047619048   0.011016845703 
    0.0047845805   0.011505126953 
    0.0048072562   0.011901855469 
     0.004829932   0.012298583984 
    0.0048526077   0.013031005859 
    0.0048752834   0.013824462891 
    0.0048979592   0.014862060547 
    0.0049206349   0.016052246094 
    0.0049433107   0.017150878906 
    0.0049659864   0.018798828125 
    0.0049886621   0.020721435547 
    0.0050113379   0.022155761719 
    0.0050340136   0.023742675781 
    0.0050566893   0.025115966797 
    0.0050793651   0.026550292969 
    0.0051020408   0.028137207031 
    0.0051247166   0.029541015625 
    0.0051473923   0.030822753906 
     0.005170068   0.031951904297 
    0.0051927438   0.032806396484 
    0.0052154195   0.033416748047 
    0.0052380952   0.033721923828 
     0.005260771   0.033813476562 
    0.0052834467      0.033203125 
    0.0053061224   0.032287597656 
    0.0053287982   0.031066894531 
    0.0053514739   0.029235839844 
    0.0053741497   0.027557373047 
    0.0053968254   0.025268554688 
    0.0054195011   0.023010253906 
    0.0054421769   0.021057128906 
    0.0054648526   0.018524169922 
    0.0054875283   0.016448974609 
    0.0055102041   0.014038085938 
    0.0055328798   0.011688232422 
    0.0055555556  0.0090942382812 
    0.0055782313  0.0061950683594 
     0.005600907  0.0033264160156 
    0.0056235828  3.0517578125e-05 
    0.0056462585      -0.00390625 
    0.0056689342  -0.0074462890625 
      0.00569161  -0.011352539062 
    0.0057142857  -0.015045166016 
    0.0057369615  -0.018249511719 
    0.0057596372  -0.021514892578 
    0.0057823129  -0.023956298828 
    0.0058049887  -0.026397705078 
    0.0058276644  -0.028259277344 
    0.0058503401  -0.029541015625 
    0.0058730159  -0.030059814453 
    0.0058956916  -0.029998779297 
    0.0059183673  -0.029174804688 
    0.0059410431  -0.027862548828 
    0.0059637188  -0.025299072266 
    0.0059863946  -0.022369384766 
    0.0060090703  -0.018280029297 
     0.006031746  -0.014007568359 
    0.0060544218  -0.0088806152344 
