; Sample Rate 44100
; Channels 1
               0  -0.0001220703125 
   2.2675737e-05  0.0043334960938 
   4.5351474e-05  0.0089416503906 
   6.8027211e-05   0.013946533203 
   9.0702948e-05   0.018402099609 
   0.00011337868    0.02294921875 
   0.00013605442   0.027038574219 
   0.00015873016   0.031005859375 
    0.0001814059   0.033996582031 
   0.00020408163   0.036773681641 
   0.00022675737   0.038787841797 
   0.00024943311   0.040405273438 
   0.00027210884   0.041381835938 
   0.00029478458   0.041656494141 
   0.00031746032    0.04150390625 
   0.00034013605   0.040679931641 
   0.00036281179   0.039367675781 
   0.00038548753   0.037841796875 
   0.00040816327   0.035797119141 
     0.000430839    0.03369140625 
   0.00045351474    0.03173828125 
   0.00047619048   0.029998779297 
   0.00049886621     0.0283203125 
   0.00052154195   0.026947021484 
   0.00054421769   0.025726318359 
   0.00056689342   0.024963378906 
   0.00058956916   0.024749755859 
    0.0006122449   0.025329589844 
   0.00063492063   0.026794433594 
   0.00065759637   0.028656005859 
   0.00068027211   0.032073974609 
   0.00070294785   0.036773681641 
   0.00072562358   0.042419433594 
   0.00074829932   0.049682617188 
   0.00077097506   0.058135986328 
   0.00079365079   0.067687988281 
   0.00081632653   0.078002929688 
   0.00083900227   0.089263916016 
     0.000861678    0.10104370117 
   0.00088435374       0.11328125 
   0.00090702948    0.12579345703 
   0.00092970522    0.13858032227 
   0.00095238095    0.15100097656 
   0.00097505669    0.16293334961 
   0.00099773243    0.17449951172 
    0.0010204082    0.18518066406 
    0.0010430839    0.19470214844 
    0.0010657596    0.20266723633 
    0.0010884354    0.20883178711 
    0.0011111111     0.2126159668 
    0.0011337868    0.21453857422 
    0.0011564626    0.21377563477 
    0.0011791383    0.21081542969 
    0.0012018141    0.20562744141 
    0.0012244898    0.19857788086 
    0.0012471655    0.19003295898 
    0.0012698413    0.18020629883 
     0.001292517    0.16955566406 
    0.0013151927    0.15863037109 
    0.0013378685     0.1474609375 
    0.0013605442    0.13659667969 
      0.00138322    0.12606811523 
    0.0014058957    0.11602783203 
    0.0014285714    0.10693359375 
    0.0014512472   0.098297119141 
    0.0014739229   0.090850830078 
    0.0014965986   0.084442138672 
    0.0015192744   0.079132080078 
    0.0015419501   0.074615478516 
    0.0015646259   0.071014404297 
    0.0015873016   0.068267822266 
    0.0016099773   0.066284179688 
    0.0016326531   0.064971923828 
    0.0016553288   0.064086914062 
    0.0016780045   0.063598632812 
    0.0017006803   0.063598632812 
     0.001723356   0.063385009766 
    0.0017460317   0.063873291016 
    0.0017687075   0.064514160156 
    0.0017913832   0.064788818359 
     0.001814059    0.06494140625 
    0.0018367347   0.064849853516 
    0.0018594104   0.064361572266 
    0.0018820862   0.063232421875 
    0.0019047619   0.061431884766 
    0.0019274376   0.058746337891 
    0.0019501134   0.055053710938 
    0.0019727891   0.050415039062 
    0.0019954649   0.044738769531 
    0.0020181406   0.037933349609 
    0.0020408163   0.029846191406 
    0.0020634921   0.020385742188 
    0.0020861678  0.0099792480469 
    0.0021088435  -0.001708984375 
    0.0021315193  -0.014068603516 
     0.002154195  -0.027130126953 
    0.0021768707  -0.040496826172 
    0.0021995465  -0.053863525391 
    0.0022222222  -0.066589355469 
     0.002244898  -0.078826904297 
    0.0022675737  -0.089874267578 
    0.0022902494  -0.099517822266 
    0.0023129252   -0.10787963867 
    0.0023356009   -0.11462402344 
    0.0023582766   -0.11993408203 
    0.0023809524   -0.12350463867 
    0.0024036281   -0.12591552734 
    0.0024263039   -0.12689208984 
    0.0024489796   -0.12713623047 
    0.0024716553   -0.12640380859 
    0.0024943311   -0.12493896484 
    0.0025170068   -0.12298583984 
    0.0025396825   -0.12069702148 
    0.0025623583   -0.11804199219 
     0.002585034   -0.11547851562 
    0.0026077098   -0.11254882812 
    0.0026303855   -0.10983276367 
    0.0026530612   -0.10717773438 
     0.002675737   -0.10488891602 
    0.0026984127   -0.10272216797 
    0.0027210884   -0.10073852539 
    0.0027437642  -0.099060058594 
    0.0027664399  -0.097320556641 
    0.0027891156  -0.096099853516 
    0.0028117914  -0.095062255859 
    0.0028344671   -0.09423828125 
    0.0028571429  -0.093322753906 
    0.0028798186  -0.092651367188 
    0.0029024943  -0.091918945312 
    0.0029251701  -0.091278076172 
    0.0029478458  -0.090698242188 
    0.0029705215  -0.090179443359 
    0.0029931973   -0.08935546875 
     0.003015873  -0.088836669922 
    0.0030385488  -0.088012695312 
    0.0030612245  -0.087158203125 
    0.0030839002  -0.086242675781 
     0.003106576  -0.085083007812 
    0.0031292517  -0.084014892578 
    0.0031519274  -0.082672119141 
    0.0031746032  -0.081695556641 
    0.0031972789  -0.080871582031 
    0.0032199546  -0.079803466797 
    0.0032426304  -0.079071044922 
    0.0032653061  -0.078460693359 
    0.0032879819  -0.078308105469 
    0.0033106576  -0.078002929688 
    0.0033333333  -0.078186035156 
    0.0033560091  -0.078552246094 
    0.0033786848  -0.078765869141 
    0.0034013605  -0.079254150391 
    0.0034240363  -0.080047607422 
     0.003446712  -0.080871582031 
    0.0034693878  -0.081817626953 
    0.0034920635  -0.082916259766 
    0.0035147392  -0.083740234375 
     0.003537415  -0.084747314453 
    0.0035600907  -0.085662841797 
    0.0035827664  -0.086303710938 
    0.0036054422  -0.086547851562 
    0.0036281179  -0.086395263672 
    0.0036507937  -0.085723876953 
    0.0036734694  -0.084716796875 
    0.0036961451  -0.083374023438 
    0.0037188209  -0.081573486328 
    0.0037414966  -0.079467773438 
    0.0037641723  -0.076995849609 
    0.0037868481  -0.074584960938 
    0.0038095238   -0.07177734375 
    0.0038321995  -0.069152832031 
    0.0038548753  -0.066497802734 
     0.003877551  -0.063812255859 
    0.0039002268  -0.061248779297 
    0.0039229025  -0.058563232422 
    0.0039455782  -0.055725097656 
     0.003968254  -0.052551269531 
    0.0039909297  -0.048980712891 
    0.0040136054  -0.045379638672 
    0.0040362812  -0.041717529297 
    0.0040589569    -0.0380859375 
    0.0040816327  -0.034484863281 
    0.0041043084  -0.031036376953 
    0.0041269841  -0.027587890625 
    0.0041496599  -0.024200439453 
    0.0041723356  -0.020843505859 
    0.0041950113  -0.018035888672 
    0.0042176871  -0.015319824219 
    0.0042403628  -0.012756347656 
    0.0042630385  -0.010223388672 
    0.0042857143  -0.0079040527344 
      0.00430839  -0.0058898925781 
    0.0043310658  -0.0040588378906 
    0.0043537415  -0.0021362304688 
    0.0043764172  -0.00054931640625 
     0.004399093  0.00054931640625 
    0.0044217687  0.0016784667969 
    0.0044444444  0.0025024414062 
    0.0044671202  0.0027465820312 
    0.0044897959   0.003173828125 
    0.0045124717  0.0036315917969 
    0.0045351474  0.0039672851562 
    0.0045578231  0.0048217773438 
    0.0045804989  0.0054626464844 
    0.0046031746  0.0065307617188 
    0.0046258503  0.0076904296875 
    0.0046485261  0.0088195800781 
    0.0046712018  0.0099792480469 
    0.0046938776   0.010986328125 
    0.0047165533       0.01171875 
     0.004739229   0.012298583984 
    0.0047619048   0.012542724609 
    0.0047845805   0.013031005859 
    0.0048072562   0.013214111328 
     0.004829932   0.013427734375 
    0.0048526077   0.014129638672 
    0.0048752834   0.014831542969 
    0.0048979592         0.015625 
    0.0049206349   0.016662597656 
    0.0049433107   0.017974853516 
    0.0049659864   0.019470214844 
    0.0049886621   0.021209716797 
    0.0050113379   0.022888183594 
    0.0050340136   0.024688720703 
    0.0050566893   0.026336669922 
    0.0050793651   0.027801513672 
    0.0051020408   0.029266357422 
    0.0051247166   0.030517578125 
    0.0051473923   0.031555175781 
     0.005170068   0.032165527344 
    0.0051927438   0.032623291016 
    0.0052154195   0.032745361328 
    0.0052380952   0.032684326172 
     0.005260771   0.032165527344 
    0.0052834467   0.031433105469 
    0.0053061224   0.030395507812 
    0.0053287982   0.029052734375 
    0.0053514739   0.027465820312 
    0.0053741497   0.025695800781 
    0.0053968254   0.023498535156 
    0.0054195011   0.021148681641 
    0.0054421769   0.018188476562 
    0.0054648526   0.015289306641 
    0.0054875283   0.012054443359 
    0.0055102041     0.0087890625 
    0.0055328798  0.0052490234375 
    0.0055555556  0.0018920898438 
    0.0055782313  -0.0016784667969 
     0.005600907   -0.00537109375 
    0.0056235828  -0.0090942382812 
    0.0056462585  -0.012603759766 
    0.0056689342  -0.015960693359 
      0.00569161  -0.018951416016 
    0.0057142857  -0.022033691406 
    0.0057369615  -0.024658203125 
    0.0057596372  -0.026763916016 
    0.0057823129  -0.028564453125 
    0.0058049887  -0.029602050781 
    0.0058276644  -0.029968261719 
    0.0058503401  -0.029846191406 
    0.0058730159  -0.028747558594 
    0.0058956916  -0.027313232422 
    0.0059183673  -0.025054931641 
    0.0059410431  -0.022216796875 
    0.0059637188  -0.018493652344 
    0.0059863946  -0.014617919922 
    0.0060090703  -0.0097961425781 
     0.006031746  -0.0052795410156 
