; Sample Rate 44100
; Channels 1
               0  0.0023803710938 
   2.2675737e-05  0.0067138671875 
   4.5351474e-05   0.011810302734 
   6.8027211e-05   0.016296386719 
   9.0702948e-05   0.020751953125 
   0.00011337868   0.024841308594 
   0.00013605442   0.028686523438 
   0.00015873016   0.031829833984 
    0.0001814059   0.034515380859 
   0.00020408163   0.036560058594 
   0.00022675737   0.037780761719 
   0.00024943311   0.038421630859 
   0.00027210884    0.03857421875 
   0.00029478458   0.038452148438 
   0.00031746032   0.037872314453 
   0.00034013605   0.037231445312 
   0.00036281179   0.036407470703 
   0.00038548753   0.035491943359 
   0.00040816327   0.034912109375 
     0.000430839   0.034545898438 
   0.00045351474   0.034240722656 
   0.00047619048   0.034332275391 
   0.00049886621   0.034637451172 
   0.00052154195   0.035064697266 
   0.00054421769    0.03564453125 
   0.00056689342   0.036834716797 
   0.00058956916   0.038208007812 
    0.0006122449   0.040496826172 
   0.00063492063   0.043365478516 
   0.00065759637   0.046997070312 
   0.00068027211   0.051635742188 
   0.00070294785   0.057250976562 
   0.00072562358     0.0634765625 
   0.00074829932   0.070861816406 
   0.00077097506   0.078979492188 
   0.00079365079   0.088012695312 
   0.00081632653   0.097686767578 
   0.00083900227    0.10787963867 
     0.000861678    0.11834716797 
   0.00088435374    0.12899780273 
   0.00090702948    0.13946533203 
   0.00092970522    0.14965820312 
   0.00095238095     0.1594543457 
   0.00097505669    0.16848754883 
   0.00099773243    0.17660522461 
    0.0010204082    0.18334960938 
    0.0010430839    0.18869018555 
    0.0010657596    0.19274902344 
    0.0010884354    0.19494628906 
    0.0011111111    0.19522094727 
    0.0011337868    0.19378662109 
    0.0011564626    0.19064331055 
    0.0011791383    0.18603515625 
    0.0012018141    0.17987060547 
    0.0012244898    0.17294311523 
    0.0012471655    0.16528320312 
    0.0012698413    0.15698242188 
     0.001292517     0.1487121582 
    0.0013151927    0.13998413086 
    0.0013378685    0.13192749023 
    0.0013605442    0.12399291992 
      0.00138322    0.11645507812 
    0.0014058957    0.10928344727 
    0.0014285714    0.10296630859 
    0.0014512472   0.096984863281 
    0.0014739229   0.091522216797 
    0.0014965986   0.086883544922 
    0.0015192744    0.08251953125 
    0.0015419501   0.078796386719 
    0.0015646259   0.075805664062 
    0.0015873016   0.072723388672 
    0.0016099773   0.070495605469 
    0.0016326531   0.068328857422 
    0.0016553288   0.066741943359 
    0.0016780045   0.065612792969 
    0.0017006803   0.064758300781 
     0.001723356   0.064331054688 
    0.0017460317   0.063751220703 
    0.0017687075   0.063354492188 
    0.0017913832   0.062591552734 
     0.001814059   0.061798095703 
    0.0018367347   0.060119628906 
    0.0018594104   0.058044433594 
    0.0018820862   0.055389404297 
    0.0019047619   0.052124023438 
    0.0019274376   0.047821044922 
    0.0019501134   0.043182373047 
    0.0019727891   0.037200927734 
    0.0019954649     0.0302734375 
    0.0020181406   0.022277832031 
    0.0020408163   0.013580322266 
    0.0020634921   0.004150390625 
    0.0020861678  -0.0064086914062 
    0.0021088435  -0.017364501953 
    0.0021315193  -0.028991699219 
     0.002154195  -0.040985107422 
    0.0021768707  -0.052490234375 
    0.0021995465  -0.063598632812 
    0.0022222222  -0.074096679688 
     0.002244898  -0.083770751953 
    0.0022675737  -0.092193603516 
    0.0022902494  -0.099334716797 
    0.0023129252   -0.10501098633 
    0.0023356009   -0.10961914062 
    0.0023582766   -0.11303710938 
    0.0023809524     -0.115234375 
    0.0024036281   -0.11636352539 
    0.0024263039   -0.11666870117 
    0.0024489796    -0.1164855957 
    0.0024716553   -0.11560058594 
    0.0024943311    -0.1142578125 
    0.0025170068   -0.11282348633 
    0.0025396825   -0.11114501953 
    0.0025623583   -0.10876464844 
     0.002585034   -0.10665893555 
    0.0026077098    -0.1044921875 
    0.0026303855   -0.10256958008 
    0.0026530612   -0.10073852539 
     0.002675737  -0.098754882812 
    0.0026984127  -0.097045898438 
    0.0027210884  -0.095947265625 
    0.0027437642  -0.094573974609 
    0.0027664399  -0.093688964844 
    0.0027891156  -0.093017578125 
    0.0028117914  -0.092498779297 
    0.0028344671  -0.092376708984 
    0.0028571429  -0.092376708984 
    0.0028798186  -0.092834472656 
    0.0029024943  -0.093017578125 
    0.0029251701  -0.093139648438 
    0.0029478458  -0.093078613281 
    0.0029705215  -0.093078613281 
    0.0029931973    -0.0927734375 
     0.003015873  -0.092376708984 
    0.0030385488  -0.091430664062 
    0.0030612245  -0.090667724609 
    0.0030839002  -0.089447021484 
     0.003106576   -0.08837890625 
    0.0031292517  -0.087432861328 
    0.0031519274  -0.086730957031 
    0.0031746032       -0.0859375 
    0.0031972789  -0.085296630859 
    0.0032199546  -0.084655761719 
    0.0032426304  -0.084289550781 
    0.0032653061  -0.084320068359 
    0.0032879819  -0.084594726562 
    0.0033106576  -0.085052490234 
    0.0033333333  -0.085601806641 
    0.0033560091  -0.086639404297 
    0.0033786848  -0.087371826172 
    0.0034013605  -0.087829589844 
    0.0034240363  -0.088439941406 
     0.003446712  -0.088989257812 
    0.0034693878  -0.089324951172 
    0.0034920635  -0.089599609375 
    0.0035147392  -0.089752197266 
     0.003537415  -0.089569091797 
    0.0035600907  -0.089324951172 
    0.0035827664  -0.088562011719 
    0.0036054422  -0.087799072266 
    0.0036281179  -0.086639404297 
    0.0036507937  -0.085113525391 
    0.0036734694  -0.083251953125 
    0.0036961451  -0.080902099609 
    0.0037188209  -0.078369140625 
    0.0037414966  -0.075622558594 
    0.0037641723   -0.07275390625 
    0.0037868481  -0.069610595703 
    0.0038095238  -0.066253662109 
    0.0038321995  -0.062957763672 
    0.0038548753  -0.059539794922 
     0.003877551  -0.056091308594 
    0.0039002268  -0.052520751953 
    0.0039229025  -0.049102783203 
    0.0039455782  -0.045349121094 
     0.003968254  -0.041778564453 
    0.0039909297    -0.0380859375 
    0.0040136054  -0.034301757812 
    0.0040362812  -0.030914306641 
    0.0040589569  -0.027587890625 
    0.0040816327  -0.024627685547 
    0.0041043084  -0.021850585938 
    0.0041269841  -0.019012451172 
    0.0041496599  -0.016815185547 
    0.0041723356    -0.0146484375 
    0.0041950113  -0.012603759766 
    0.0042176871  -0.010864257812 
    0.0042403628  -0.0088806152344 
    0.0042630385  -0.0076599121094 
    0.0042857143  -0.0060424804688 
      0.00430839  -0.0045776367188 
    0.0043310658  -0.0031433105469 
    0.0043537415  -0.0020141601562 
    0.0043764172  -0.00076293945312 
     0.004399093  0.00030517578125 
    0.0044217687  0.0010681152344 
    0.0044444444  0.0017700195312 
    0.0044671202  0.0024108886719 
    0.0044897959  0.0028381347656 
    0.0045124717  0.0032653808594 
    0.0045351474  0.0036315917969 
    0.0045578231  0.0041809082031 
    0.0045804989  0.0048522949219 
    0.0046031746    0.00537109375 
    0.0046258503  0.0061340332031 
    0.0046485261  0.0068054199219 
    0.0046712018  0.0074768066406 
    0.0046938776  0.0082397460938 
    0.0047165533  0.0089111328125 
     0.004739229  0.0097961425781 
    0.0047619048   0.010711669922 
    0.0047845805   0.011352539062 
    0.0048072562   0.012451171875 
     0.004829932   0.013458251953 
    0.0048526077   0.014312744141 
    0.0048752834   0.015563964844 
    0.0048979592     0.0166015625 
    0.0049206349   0.017974853516 
    0.0049433107   0.019439697266 
    0.0049659864   0.020751953125 
    0.0049886621   0.022521972656 
    0.0050113379    0.02392578125 
    0.0050340136   0.025421142578 
    0.0050566893   0.026916503906 
    0.0050793651   0.028533935547 
    0.0051020408   0.029937744141 
    0.0051247166   0.030944824219 
    0.0051473923   0.031799316406 
     0.005170068   0.032684326172 
    0.0051927438   0.033142089844 
    0.0052154195   0.033111572266 
    0.0052380952   0.032745361328 
     0.005260771   0.032135009766 
    0.0052834467   0.031005859375 
    0.0053061224   0.029632568359 
    0.0053287982   0.028137207031 
    0.0053514739   0.026062011719 
    0.0053741497   0.023803710938 
    0.0053968254   0.021545410156 
    0.0054195011   0.018981933594 
    0.0054421769   0.016265869141 
    0.0054648526   0.013427734375 
    0.0054875283   0.010375976562 
    0.0055102041  0.0074462890625 
    0.0055328798  0.0044250488281 
    0.0055555556    0.00146484375 
    0.0055782313  -0.0018615722656 
     0.005600907  -0.0054626464844 
    0.0056235828  -0.0090026855469 
    0.0056462585  -0.012786865234 
    0.0056689342  -0.016357421875 
      0.00569161      -0.01953125 
    0.0057142857    -0.0224609375 
    0.0057369615  -0.024993896484 
    0.0057596372  -0.027374267578 
    0.0057823129  -0.029083251953 
    0.0058049887  -0.029968261719 
    0.0058276644  -0.030334472656 
    0.0058503401  -0.029815673828 
    0.0058730159  -0.028869628906 
    0.0058956916  -0.027160644531 
    0.0059183673  -0.024932861328 
    0.0059410431  -0.021850585938 
    0.0059637188  -0.018218994141 
    0.0059863946  -0.014190673828 
    0.0060090703  -0.0098266601562 
