; Sample Rate 44100
; Channels 1
               0  -0.0069885253906 
   2.2675737e-05  -0.0016479492188 
   4.5351474e-05  0.0037231445312 
   6.8027211e-05  0.0093688964844 
   9.0702948e-05     0.0146484375 
   0.00011337868   0.019561767578 
   0.00013605442   0.024658203125 
   0.00015873016      0.029296875 
    0.0001814059   0.033630371094 
   0.00020408163   0.037200927734 
   0.00022675737   0.040191650391 
   0.00024943311    0.04248046875 
   0.00027210884   0.044128417969 
   0.00029478458   0.044830322266 
   0.00031746032   0.045166015625 
   0.00034013605   0.044647216797 
   0.00036281179   0.043395996094 
   0.00038548753   0.041931152344 
   0.00040816327   0.039825439453 
     0.000430839   0.037414550781 
   0.00045351474   0.034759521484 
   0.00047619048   0.031951904297 
   0.00049886621   0.029113769531 
   0.00052154195   0.026611328125 
   0.00054421769   0.024169921875 
   0.00056689342   0.022247314453 
   0.00058956916   0.020690917969 
    0.0006122449   0.019653320312 
   0.00063492063   0.019653320312 
   0.00065759637   0.020172119141 
   0.00068027211   0.022003173828 
   0.00070294785   0.024993896484 
   0.00072562358   0.029083251953 
   0.00074829932    0.03466796875 
   0.00077097506   0.041778564453 
   0.00079365079   0.050140380859 
   0.00081632653   0.059661865234 
   0.00083900227   0.070526123047 
     0.000861678   0.081939697266 
   0.00088435374     0.0947265625 
   0.00090702948    0.10821533203 
   0.00092970522    0.12228393555 
   0.00095238095    0.13653564453 
   0.00097505669    0.15100097656 
   0.00099773243    0.16479492188 
    0.0010204082    0.17810058594 
    0.0010430839    0.19076538086 
    0.0010657596    0.20196533203 
    0.0010884354    0.21148681641 
    0.0011111111    0.21878051758 
    0.0011337868    0.22378540039 
    0.0011564626    0.22595214844 
    0.0011791383    0.22546386719 
    0.0012018141    0.22210693359 
    0.0012244898    0.21649169922 
    0.0012471655    0.20849609375 
    0.0012698413    0.19897460938 
     0.001292517    0.18804931641 
    0.0013151927    0.17657470703 
    0.0013378685    0.16418457031 
    0.0013605442    0.15200805664 
      0.00138322    0.14010620117 
    0.0014058957    0.12872314453 
    0.0014285714    0.11810302734 
    0.0014512472    0.10815429688 
    0.0014739229   0.099182128906 
    0.0014965986   0.091278076172 
    0.0015192744   0.084838867188 
    0.0015419501   0.079284667969 
    0.0015646259    0.07470703125 
    0.0015873016   0.071044921875 
    0.0016099773      0.068359375 
    0.0016326531   0.066497802734 
    0.0016553288   0.065216064453 
    0.0016780045   0.064666748047 
    0.0017006803   0.064758300781 
     0.001723356   0.065002441406 
    0.0017460317   0.065948486328 
    0.0017687075   0.066925048828 
    0.0017913832   0.068267822266 
     0.001814059   0.069366455078 
    0.0018367347   0.070465087891 
    0.0018594104   0.071228027344 
    0.0018820862     0.0712890625 
    0.0019047619   0.070922851562 
    0.0019274376   0.069274902344 
    0.0019501134   0.066650390625 
    0.0019727891   0.063018798828 
    0.0019954649   0.057922363281 
    0.0020181406     0.0517578125 
    0.0020408163   0.043792724609 
    0.0020634921    0.03466796875 
    0.0020861678   0.024322509766 
    0.0021088435   0.012542724609 
    0.0021315193  -0.00021362304688 
     0.002154195  -0.013610839844 
    0.0021768707  -0.027526855469 
    0.0021995465  -0.041595458984 
    0.0022222222  -0.055511474609 
     0.002244898  -0.068786621094 
    0.0022675737  -0.080963134766 
    0.0022902494  -0.092041015625 
    0.0023129252   -0.10171508789 
    0.0023356009   -0.10949707031 
    0.0023582766   -0.11587524414 
    0.0023809524   -0.12069702148 
    0.0024036281   -0.12380981445 
    0.0024263039   -0.12600708008 
    0.0024489796   -0.12683105469 
    0.0024716553   -0.12664794922 
    0.0024943311   -0.12579345703 
    0.0025170068   -0.12393188477 
    0.0025396825   -0.12158203125 
    0.0025623583     -0.119140625 
     0.002585034   -0.11636352539 
    0.0026077098   -0.11352539062 
    0.0026303855   -0.11056518555 
    0.0026530612   -0.10794067383 
     0.002675737   -0.10549926758 
    0.0026984127   -0.10348510742 
    0.0027210884   -0.10189819336 
    0.0027437642   -0.10049438477 
    0.0027664399  -0.099395751953 
    0.0027891156  -0.098846435547 
    0.0028117914  -0.098358154297 
    0.0028344671  -0.098114013672 
    0.0028571429  -0.097808837891 
    0.0028798186  -0.097503662109 
    0.0029024943  -0.097076416016 
    0.0029251701  -0.096374511719 
    0.0029478458  -0.095733642578 
    0.0029705215  -0.095153808594 
    0.0029931973  -0.094390869141 
     0.003015873  -0.093231201172 
    0.0030385488  -0.091888427734 
    0.0030612245  -0.090637207031 
    0.0030839002  -0.089202880859 
     0.003106576  -0.087341308594 
    0.0031292517  -0.085418701172 
    0.0031519274  -0.083404541016 
    0.0031746032  -0.081481933594 
    0.0031972789  -0.079498291016 
    0.0032199546   -0.07763671875 
    0.0032426304  -0.076110839844 
    0.0032653061  -0.074493408203 
    0.0032879819  -0.073425292969 
    0.0033106576  -0.072723388672 
    0.0033333333  -0.072448730469 
    0.0033560091     -0.072265625 
    0.0033786848  -0.072601318359 
    0.0034013605  -0.073181152344 
    0.0034240363      -0.07421875 
     0.003446712  -0.074981689453 
    0.0034693878  -0.076202392578 
    0.0034920635  -0.077392578125 
    0.0035147392  -0.078643798828 
     0.003537415  -0.080047607422 
    0.0035600907  -0.081634521484 
    0.0035827664  -0.082763671875 
    0.0036054422  -0.084106445312 
    0.0036281179  -0.085174560547 
    0.0036507937  -0.085784912109 
    0.0036734694  -0.086181640625 
    0.0036961451  -0.086120605469 
    0.0037188209  -0.085632324219 
    0.0037414966  -0.084838867188 
    0.0037641723  -0.083374023438 
    0.0037868481  -0.081573486328 
    0.0038095238  -0.079345703125 
    0.0038321995  -0.076812744141 
    0.0038548753  -0.074035644531 
     0.003877551  -0.071014404297 
    0.0039002268  -0.068054199219 
    0.0039229025  -0.064910888672 
    0.0039455782  -0.061737060547 
     0.003968254  -0.058441162109 
    0.0039909297  -0.054931640625 
    0.0040136054  -0.051330566406 
    0.0040362812  -0.047576904297 
    0.0040589569  -0.044036865234 
    0.0040816327  -0.040557861328 
    0.0041043084  -0.037261962891 
    0.0041269841  -0.033874511719 
    0.0041496599  -0.030700683594 
    0.0041723356  -0.027862548828 
    0.0041950113  -0.024780273438 
    0.0042176871  -0.021820068359 
    0.0042403628  -0.019104003906 
    0.0042630385  -0.016662597656 
    0.0042857143  -0.014129638672 
      0.00430839  -0.011779785156 
    0.0043310658  -0.0096740722656 
    0.0043537415  -0.0079956054688 
    0.0043764172  -0.0059509277344 
     0.004399093  -0.0043029785156 
    0.0044217687  -0.0030822753906 
    0.0044444444  -0.0022277832031 
    0.0044671202   -0.00146484375 
    0.0044897959  -0.00070190429688 
    0.0045124717  0.0001220703125 
    0.0045351474  0.00070190429688 
    0.0045578231    0.00146484375 
    0.0045804989  0.0023498535156 
    0.0046031746    0.00341796875 
    0.0046258503  0.0044555664062 
    0.0046485261  0.0059509277344 
    0.0046712018  0.0071411132812 
    0.0046938776  0.0083618164062 
    0.0047165533  0.0095825195312 
     0.004739229   0.010467529297 
    0.0047619048   0.011108398438 
    0.0047845805   0.011627197266 
    0.0048072562   0.012268066406 
     0.004829932   0.012817382812 
    0.0048526077   0.013397216797 
    0.0048752834    0.01416015625 
    0.0048979592   0.014923095703 
    0.0049206349   0.015930175781 
    0.0049433107   0.017456054688 
    0.0049659864   0.018737792969 
    0.0049886621   0.019805908203 
    0.0050113379   0.021392822266 
    0.0050340136   0.022491455078 
    0.0050566893   0.023834228516 
    0.0050793651   0.025146484375 
    0.0051020408   0.026245117188 
    0.0051247166       0.02734375 
    0.0051473923   0.028350830078 
     0.005170068   0.029418945312 
    0.0051927438     0.0302734375 
    0.0052154195          0.03125 
    0.0052380952   0.031768798828 
     0.005260771   0.031921386719 
    0.0052834467   0.031921386719 
    0.0053061224   0.031463623047 
    0.0053287982   0.030792236328 
    0.0053514739    0.02978515625 
    0.0053741497   0.028350830078 
    0.0053968254   0.026733398438 
    0.0054195011   0.024627685547 
    0.0054421769   0.022399902344 
    0.0054648526   0.020263671875 
    0.0054875283   0.017700195312 
    0.0055102041   0.014923095703 
    0.0055328798   0.012237548828 
    0.0055555556    0.00927734375 
    0.0055782313  0.0064086914062 
     0.005600907  0.0029907226562 
    0.0056235828  -0.00045776367188 
    0.0056462585  -0.0039978027344 
    0.0056689342  -0.0073852539062 
      0.00569161  -0.010986328125 
    0.0057142857  -0.014099121094 
    0.0057369615   -0.01708984375 
    0.0057596372  -0.019927978516 
    0.0057823129  -0.022552490234 
    0.0058049887  -0.024871826172 
    0.0058276644  -0.026397705078 
    0.0058503401  -0.027587890625 
    0.0058730159    -0.0283203125 
    0.0058956916  -0.028594970703 
    0.0059183673  -0.028045654297 
    0.0059410431  -0.027099609375 
    0.0059637188  -0.025665283203 
    0.0059863946       -0.0234375 
    0.0060090703  -0.020233154297 
     0.006031746  -0.016967773438 
    0.0060544218  -0.012573242188 
