; Sample Rate 44100
; Channels 1
               0  -0.00045776367188 
   2.2675737e-05  0.0045776367188 
   4.5351474e-05  0.0096130371094 
   6.8027211e-05   0.014678955078 
   9.0702948e-05   0.019775390625 
   0.00011337868   0.024108886719 
   0.00013605442   0.028350830078 
   0.00015873016   0.032318115234 
    0.0001814059   0.035614013672 
   0.00020408163   0.038421630859 
   0.00022675737   0.040435791016 
   0.00024943311   0.041595458984 
   0.00027210884   0.042144775391 
   0.00029478458   0.042144775391 
   0.00031746032   0.041534423828 
   0.00034013605   0.040405273438 
   0.00036281179   0.039154052734 
   0.00038548753   0.037506103516 
   0.00040816327   0.036010742188 
     0.000430839   0.034759521484 
   0.00045351474   0.033630371094 
   0.00047619048   0.032501220703 
   0.00049886621   0.031921386719 
   0.00052154195   0.031585693359 
   0.00054421769   0.031433105469 
   0.00056689342   0.032073974609 
   0.00058956916   0.033264160156 
    0.0006122449   0.034851074219 
   0.00063492063   0.037261962891 
   0.00065759637   0.040496826172 
   0.00068027211   0.044616699219 
   0.00070294785   0.049835205078 
   0.00072562358   0.055816650391 
   0.00074829932   0.062896728516 
   0.00077097506   0.070831298828 
   0.00079365079   0.079711914062 
   0.00081632653   0.089385986328 
   0.00083900227   0.099365234375 
     0.000861678    0.10980224609 
   0.00088435374    0.12075805664 
   0.00090702948    0.13162231445 
   0.00092970522    0.14224243164 
   0.00095238095    0.15322875977 
   0.00097505669    0.16348266602 
   0.00099773243     0.1728515625 
    0.0010204082    0.18133544922 
    0.0010430839    0.18862915039 
    0.0010657596    0.19387817383 
    0.0010884354    0.19757080078 
    0.0011111111    0.19934082031 
    0.0011337868    0.19860839844 
    0.0011564626    0.19592285156 
    0.0011791383    0.19158935547 
    0.0012018141    0.18545532227 
    0.0012244898    0.17828369141 
    0.0012471655    0.17016601562 
    0.0012698413    0.16128540039 
     0.001292517     0.1520690918 
    0.0013151927    0.14309692383 
    0.0013378685    0.13415527344 
    0.0013605442    0.12548828125 
      0.00138322    0.11727905273 
    0.0014058957    0.10946655273 
    0.0014285714    0.10229492188 
    0.0014512472   0.096008300781 
    0.0014739229   0.090148925781 
    0.0014965986   0.085052490234 
    0.0015192744   0.080505371094 
    0.0015419501    0.07666015625 
    0.0015646259   0.073638916016 
    0.0015873016   0.070983886719 
    0.0016099773   0.068725585938 
    0.0016326531   0.067199707031 
    0.0016553288   0.065979003906 
    0.0016780045   0.065277099609 
    0.0017006803   0.064971923828 
     0.001723356    0.06494140625 
    0.0017460317   0.065002441406 
    0.0017687075   0.065155029297 
    0.0017913832   0.064971923828 
     0.001814059   0.064727783203 
    0.0018367347   0.063903808594 
    0.0018594104           0.0625 
    0.0018820862   0.060241699219 
    0.0019047619   0.057525634766 
    0.0019274376   0.053955078125 
    0.0019501134   0.049377441406 
    0.0019727891   0.043853759766 
    0.0019954649   0.037384033203 
    0.0020181406   0.029876708984 
    0.0020408163   0.021575927734 
    0.0020634921   0.012237548828 
    0.0020861678   0.001708984375 
    0.0021088435  -0.0094299316406 
    0.0021315193  -0.021362304688 
     0.002154195  -0.033721923828 
    0.0021768707    -0.0458984375 
    0.0021995465  -0.057800292969 
    0.0022222222  -0.069122314453 
     0.002244898  -0.079345703125 
    0.0022675737  -0.088653564453 
    0.0022902494  -0.096740722656 
    0.0023129252   -0.10342407227 
    0.0023356009   -0.10852050781 
    0.0023582766   -0.11264038086 
    0.0023809524   -0.11547851562 
    0.0024036281   -0.11694335938 
    0.0024263039   -0.11770629883 
    0.0024489796   -0.11782836914 
    0.0024716553   -0.11715698242 
    0.0024943311   -0.11602783203 
    0.0025170068   -0.11431884766 
    0.0025396825   -0.11233520508 
    0.0025623583   -0.10986328125 
     0.002585034   -0.10726928711 
    0.0026077098   -0.10488891602 
    0.0026303855   -0.10241699219 
    0.0026530612   -0.10028076172 
     0.002675737  -0.098205566406 
    0.0026984127  -0.096221923828 
    0.0027210884  -0.094604492188 
    0.0027437642  -0.093414306641 
    0.0027664399  -0.092254638672 
    0.0027891156  -0.091674804688 
    0.0028117914  -0.091125488281 
    0.0028344671  -0.090698242188 
    0.0028571429  -0.090576171875 
    0.0028798186  -0.090606689453 
    0.0029024943    -0.0908203125 
    0.0029251701  -0.090850830078 
    0.0029478458  -0.090789794922 
    0.0029705215  -0.090484619141 
    0.0029931973  -0.090209960938 
     0.003015873  -0.089599609375 
    0.0030385488  -0.089202880859 
    0.0030612245  -0.088256835938 
    0.0030839002  -0.087371826172 
     0.003106576  -0.086608886719 
    0.0031292517  -0.085754394531 
    0.0031519274  -0.084899902344 
    0.0031746032  -0.084411621094 
    0.0031972789     -0.083984375 
    0.0032199546  -0.084259033203 
    0.0032426304  -0.084289550781 
    0.0032653061  -0.084991455078 
    0.0032879819  -0.085479736328 
    0.0033106576  -0.086395263672 
    0.0033333333  -0.087188720703 
    0.0033560091  -0.088012695312 
    0.0033786848  -0.088836669922 
    0.0034013605  -0.089172363281 
    0.0034240363  -0.089660644531 
     0.003446712  -0.089904785156 
    0.0034693878  -0.090087890625 
    0.0034920635  -0.090515136719 
    0.0035147392  -0.090606689453 
     0.003537415  -0.090545654297 
    0.0035600907  -0.090423583984 
    0.0035827664  -0.089935302734 
    0.0036054422  -0.089050292969 
    0.0036281179  -0.087738037109 
    0.0036507937  -0.086242675781 
    0.0036734694  -0.084411621094 
    0.0036961451  -0.081970214844 
    0.0037188209  -0.079284667969 
    0.0037414966  -0.076385498047 
    0.0037641723  -0.073181152344 
    0.0037868481  -0.069732666016 
    0.0038095238  -0.066589355469 
    0.0038321995  -0.063232421875 
    0.0038548753  -0.060119628906 
     0.003877551  -0.057037353516 
    0.0039002268  -0.053955078125 
    0.0039229025  -0.050567626953 
    0.0039455782  -0.047058105469 
     0.003968254  -0.043395996094 
    0.0039909297  -0.039672851562 
    0.0040136054  -0.036102294922 
    0.0040362812   -0.03271484375 
    0.0040589569  -0.029663085938 
    0.0040816327  -0.026550292969 
    0.0041043084  -0.023712158203 
    0.0041269841  -0.021209716797 
    0.0041496599  -0.019195556641 
    0.0041723356  -0.017303466797 
    0.0041950113  -0.015289306641 
    0.0042176871   -0.01318359375 
    0.0042403628  -0.011566162109 
    0.0042630385  -0.0098266601562 
    0.0042857143  -0.0078430175781 
      0.00430839  -0.0056762695312 
    0.0043310658  -0.0036010742188 
    0.0043537415  -0.0016479492188 
    0.0043764172  -6.103515625e-05 
     0.004399093  0.0014343261719 
    0.0044217687  0.0027770996094 
    0.0044444444       0.00390625 
    0.0044671202  0.0050659179688 
    0.0044897959  0.0060729980469 
    0.0045124717     0.0068359375 
    0.0045351474        0.0078125 
    0.0045578231  0.0082702636719 
    0.0045804989   0.009033203125 
    0.0046031746  0.0098571777344 
    0.0046258503   0.010437011719 
    0.0046485261   0.011016845703 
    0.0046712018   0.011688232422 
    0.0046938776   0.012420654297 
    0.0047165533   0.012939453125 
     0.004739229   0.013488769531 
    0.0047619048    0.01416015625 
    0.0047845805   0.014739990234 
    0.0048072562   0.014984130859 
     0.004829932   0.015502929688 
    0.0048526077   0.015686035156 
    0.0048752834    0.01611328125 
    0.0048979592   0.016662597656 
    0.0049206349   0.017242431641 
    0.0049433107   0.018096923828 
    0.0049659864   0.019134521484 
    0.0049886621   0.020233154297 
    0.0050113379   0.021514892578 
    0.0050340136   0.022827148438 
    0.0050566893   0.023712158203 
    0.0050793651   0.024993896484 
    0.0051020408   0.026092529297 
    0.0051247166    0.02685546875 
    0.0051473923   0.027496337891 
     0.005170068   0.028015136719 
    0.0051927438   0.028167724609 
    0.0052154195   0.028350830078 
    0.0052380952     0.0283203125 
     0.005260771   0.027984619141 
    0.0052834467   0.027221679688 
    0.0053061224   0.026550292969 
    0.0053287982   0.025299072266 
    0.0053514739   0.023803710938 
    0.0053741497   0.021789550781 
    0.0053968254   0.019714355469 
    0.0054195011   0.017395019531 
    0.0054421769   0.014678955078 
    0.0054648526   0.011627197266 
    0.0054875283  0.0085144042969 
    0.0055102041  0.0055541992188 
    0.0055328798  0.0021057128906 
    0.0055555556  -0.0010681152344 
    0.0055782313  -0.0042724609375 
     0.005600907  -0.0075073242188 
    0.0056235828  -0.010589599609 
    0.0056462585  -0.013427734375 
    0.0056689342  -0.016082763672 
      0.00569161  -0.018157958984 
    0.0057142857  -0.020172119141 
    0.0057369615  -0.021606445312 
    0.0057596372  -0.022644042969 
    0.0057823129  -0.023498535156 
    0.0058049887  -0.024047851562 
    0.0058276644  -0.024200439453 
    0.0058503401  -0.024047851562 
    0.0058730159  -0.023376464844 
    0.0058956916  -0.022674560547 
    0.0059183673     -0.021484375 
    0.0059410431  -0.019927978516 
    0.0059637188  -0.017791748047 
    0.0059863946  -0.015563964844 
    0.0060090703    -0.0126953125 
     0.006031746  -0.0092468261719 
