; Sample Rate 44100
; Channels 1
               0  -0.0079040527344 
   2.2675737e-05  -0.0026550292969 
   4.5351474e-05  0.0026245117188 
   6.8027211e-05  0.0079345703125 
   9.0702948e-05   0.013427734375 
   0.00011337868   0.018737792969 
   0.00013605442   0.023620605469 
   0.00015873016   0.028167724609 
    0.0001814059   0.032287597656 
   0.00020408163   0.035583496094 
   0.00022675737   0.038116455078 
   0.00024943311   0.040100097656 
   0.00027210884   0.041381835938 
   0.00029478458   0.041809082031 
   0.00031746032   0.041595458984 
   0.00034013605    0.04052734375 
   0.00036281179   0.038818359375 
   0.00038548753   0.036560058594 
   0.00040816327   0.034240722656 
     0.000430839   0.031768798828 
   0.00045351474      0.029296875 
   0.00047619048   0.026824951172 
   0.00049886621   0.024597167969 
   0.00052154195   0.022583007812 
   0.00054421769   0.021392822266 
   0.00056689342   0.019897460938 
   0.00058956916   0.019195556641 
    0.0006122449   0.019073486328 
   0.00063492063   0.019134521484 
   0.00065759637   0.020385742188 
   0.00068027211   0.022155761719 
   0.00070294785   0.025543212891 
   0.00072562358   0.029479980469 
   0.00074829932   0.034698486328 
   0.00077097506   0.041412353516 
   0.00079365079   0.049468994141 
   0.00081632653   0.058868408203 
   0.00083900227   0.069549560547 
     0.000861678   0.081787109375 
   0.00088435374   0.094818115234 
   0.00090702948    0.10855102539 
   0.00092970522    0.12313842773 
   0.00095238095    0.13793945312 
   0.00097505669    0.15267944336 
   0.00099773243    0.16738891602 
    0.0010204082      0.181640625 
    0.0010430839    0.19464111328 
    0.0010657596     0.2063293457 
    0.0010884354     0.2160949707 
    0.0011111111    0.22357177734 
    0.0011337868    0.22827148438 
    0.0011564626    0.23013305664 
    0.0011791383    0.22915649414 
    0.0012018141    0.22525024414 
    0.0012244898    0.21862792969 
    0.0012471655    0.20983886719 
    0.0012698413    0.19931030273 
     0.001292517    0.18728637695 
    0.0013151927    0.17459106445 
    0.0013378685    0.16180419922 
    0.0013605442    0.14886474609 
      0.00138322    0.13681030273 
    0.0014058957    0.12509155273 
    0.0014285714    0.11450195312 
    0.0014512472    0.10485839844 
    0.0014739229    0.09619140625 
    0.0014965986     0.0888671875 
    0.0015192744   0.082489013672 
    0.0015419501   0.077453613281 
    0.0015646259   0.073547363281 
    0.0015873016   0.070281982422 
    0.0016099773   0.068084716797 
    0.0016326531   0.066741943359 
    0.0016553288   0.065795898438 
    0.0016780045   0.065612792969 
    0.0017006803   0.065856933594 
     0.001723356   0.066650390625 
    0.0017460317    0.06787109375 
    0.0017687075   0.069152832031 
    0.0017913832   0.070526123047 
     0.001814059   0.071929931641 
    0.0018367347   0.073181152344 
    0.0018594104   0.074340820312 
    0.0018820862   0.074798583984 
    0.0019047619   0.074493408203 
    0.0019274376   0.073608398438 
    0.0019501134   0.071258544922 
    0.0019727891   0.067749023438 
    0.0019954649   0.062927246094 
    0.0020181406   0.056793212891 
    0.0020408163   0.049255371094 
    0.0020634921   0.040161132812 
    0.0020861678   0.029510498047 
    0.0021088435   0.017639160156 
    0.0021315193  0.0042419433594 
     0.002154195  -0.0099487304688 
    0.0021768707  -0.024719238281 
    0.0021995465  -0.039916992188 
    0.0022222222   -0.05517578125 
     0.002244898  -0.069854736328 
    0.0022675737  -0.083679199219 
    0.0022902494  -0.096221923828 
    0.0023129252   -0.10717773438 
    0.0023356009   -0.11618041992 
    0.0023582766   -0.12335205078 
    0.0023809524   -0.12893676758 
    0.0024036281   -0.13269042969 
    0.0024263039   -0.13473510742 
    0.0024489796   -0.13558959961 
    0.0024716553   -0.13516235352 
    0.0024943311   -0.13400268555 
    0.0025170068   -0.13162231445 
    0.0025396825   -0.12887573242 
    0.0025623583   -0.12545776367 
     0.002585034   -0.12210083008 
    0.0026077098   -0.11859130859 
    0.0026303855    -0.1149597168 
    0.0026530612   -0.11157226562 
     0.002675737   -0.10830688477 
    0.0026984127   -0.10534667969 
    0.0027210884   -0.10260009766 
    0.0027437642   -0.10043334961 
    0.0027664399  -0.098358154297 
    0.0027891156  -0.096740722656 
    0.0028117914  -0.095367431641 
    0.0028344671  -0.094177246094 
    0.0028571429  -0.093322753906 
    0.0028798186  -0.092651367188 
    0.0029024943  -0.091949462891 
    0.0029251701  -0.091369628906 
    0.0029478458  -0.090667724609 
    0.0029705215  -0.090026855469 
    0.0029931973  -0.089416503906 
     0.003015873  -0.088989257812 
    0.0030385488  -0.088165283203 
    0.0030612245  -0.087249755859 
    0.0030839002  -0.086395263672 
     0.003106576  -0.085601806641 
    0.0031292517   -0.08447265625 
    0.0031519274  -0.083282470703 
    0.0031746032  -0.082000732422 
    0.0031972789  -0.080902099609 
    0.0032199546  -0.079772949219 
    0.0032426304  -0.078582763672 
    0.0032653061  -0.077545166016 
    0.0032879819  -0.076812744141 
    0.0033106576  -0.076049804688 
    0.0033333333  -0.075805664062 
    0.0033560091  -0.075836181641 
    0.0033786848  -0.075866699219 
    0.0034013605  -0.076080322266 
    0.0034240363  -0.076782226562 
     0.003446712  -0.077484130859 
    0.0034693878  -0.078460693359 
    0.0034920635  -0.079559326172 
    0.0035147392  -0.080993652344 
     0.003537415  -0.082458496094 
    0.0035600907  -0.083923339844 
    0.0035827664  -0.085327148438 
    0.0036054422  -0.086608886719 
    0.0036281179  -0.087371826172 
    0.0036507937  -0.087646484375 
    0.0036734694  -0.087463378906 
    0.0036961451  -0.086578369141 
    0.0037188209  -0.085510253906 
    0.0037414966  -0.083953857422 
    0.0037641723  -0.082000732422 
    0.0037868481  -0.080261230469 
    0.0038095238  -0.077514648438 
    0.0038321995  -0.074951171875 
    0.0038548753  -0.072387695312 
     0.003877551  -0.069641113281 
    0.0039002268  -0.066986083984 
    0.0039229025  -0.064331054688 
    0.0039455782  -0.061431884766 
     0.003968254  -0.058502197266 
    0.0039909297  -0.055389404297 
    0.0040136054  -0.052093505859 
    0.0040362812  -0.048797607422 
    0.0040589569  -0.045196533203 
    0.0040816327  -0.041625976562 
    0.0041043084  -0.038238525391 
    0.0041269841  -0.034973144531 
    0.0041496599  -0.031616210938 
    0.0041723356  -0.028381347656 
    0.0041950113  -0.025268554688 
    0.0042176871  -0.022033691406 
    0.0042403628  -0.019317626953 
    0.0042630385  -0.016448974609 
    0.0042857143  -0.013580322266 
      0.00430839    -0.0107421875 
    0.0043310658  -0.0082702636719 
    0.0043537415  -0.0059509277344 
    0.0043764172  -0.0038757324219 
     0.004399093  -0.0026550292969 
    0.0044217687  -0.0016174316406 
    0.0044444444  -0.0006103515625 
    0.0044671202  6.103515625e-05 
    0.0044897959  0.0003662109375 
    0.0045124717  0.00045776367188 
    0.0045351474    0.00048828125 
    0.0045578231   0.000732421875 
    0.0045804989  0.0011291503906 
    0.0046031746  0.0017395019531 
    0.0046258503  0.0025939941406 
    0.0046485261  0.0034484863281 
    0.0046712018  0.0045166015625 
    0.0046938776  0.0056457519531 
    0.0047165533  0.0067443847656 
     0.004739229  0.0079650878906 
    0.0047619048  0.0085144042969 
    0.0047845805  0.0089416503906 
    0.0048072562  0.0095520019531 
     0.004829932  0.0099182128906 
    0.0048526077  0.0097351074219 
    0.0048752834   0.010009765625 
    0.0048979592   0.010559082031 
    0.0049206349   0.011138916016 
    0.0049433107   0.012390136719 
    0.0049659864   0.013763427734 
    0.0049886621   0.015411376953 
    0.0050113379   0.017303466797 
    0.0050340136   0.019744873047 
    0.0050566893   0.022033691406 
    0.0050793651   0.024536132812 
    0.0051020408   0.026885986328 
    0.0051247166   0.028991699219 
    0.0051473923   0.030883789062 
     0.005170068   0.032684326172 
    0.0051927438   0.033935546875 
    0.0052154195   0.034851074219 
    0.0052380952   0.035308837891 
     0.005260771   0.035339355469 
    0.0052834467       0.03515625 
    0.0053061224   0.034210205078 
    0.0053287982   0.032989501953 
    0.0053514739   0.031768798828 
    0.0053741497   0.029724121094 
    0.0053968254   0.027404785156 
    0.0054195011   0.024993896484 
    0.0054421769   0.022308349609 
    0.0054648526   0.019927978516 
    0.0054875283    0.01708984375 
    0.0055102041   0.014465332031 
    0.0055328798   0.011566162109 
    0.0055555556  0.0085144042969 
    0.0055782313  0.0054931640625 
     0.005600907      0.001953125 
    0.0056235828  -0.0016174316406 
    0.0056462585  -0.0053405761719 
    0.0056689342  -0.0091552734375 
      0.00569161  -0.012725830078 
    0.0057142857  -0.016571044922 
    0.0057369615  -0.020172119141 
    0.0057596372       -0.0234375 
    0.0057823129  -0.026458740234 
    0.0058049887   -0.02880859375 
    0.0058276644  -0.030578613281 
    0.0058503401  -0.031890869141 
    0.0058730159  -0.032379150391 
    0.0058956916  -0.032562255859 
    0.0059183673  -0.031555175781 
    0.0059410431  -0.029876708984 
    0.0059637188  -0.027282714844 
    0.0059863946  -0.023712158203 
    0.0060090703  -0.019165039062 
     0.006031746  -0.014526367188 
    0.0060544218  -0.009033203125 
