; Sample Rate 44100
; Channels 1
               0  -0.00033569335938 
   2.2675737e-05  0.0044250488281 
   4.5351474e-05   0.009033203125 
   6.8027211e-05   0.013732910156 
   9.0702948e-05   0.018005371094 
   0.00011337868   0.021881103516 
   0.00013605442   0.025604248047 
   0.00015873016   0.028991699219 
    0.0001814059    0.03173828125 
   0.00020408163   0.034271240234 
   0.00022675737   0.036254882812 
   0.00024943311    0.03759765625 
   0.00027210884   0.038299560547 
   0.00029478458   0.038421630859 
   0.00031746032   0.037994384766 
   0.00034013605   0.037170410156 
   0.00036281179   0.036071777344 
   0.00038548753   0.034362792969 
   0.00040816327   0.032470703125 
     0.000430839   0.030303955078 
   0.00045351474   0.028381347656 
   0.00047619048   0.026458740234 
   0.00049886621   0.024688720703 
   0.00052154195        0.0234375 
   0.00054421769   0.022033691406 
   0.00056689342   0.021759033203 
   0.00058956916   0.021850585938 
    0.0006122449   0.022644042969 
   0.00063492063   0.024353027344 
   0.00065759637   0.027191162109 
   0.00068027211   0.030975341797 
   0.00070294785   0.035919189453 
   0.00072562358   0.041900634766 
   0.00074829932   0.049285888672 
   0.00077097506   0.057647705078 
   0.00079365079   0.066955566406 
   0.00081632653   0.077178955078 
   0.00083900227    0.08837890625 
     0.000861678    0.10034179688 
   0.00088435374    0.11282348633 
   0.00090702948    0.12542724609 
   0.00092970522    0.13815307617 
   0.00095238095    0.15072631836 
   0.00097505669    0.16302490234 
   0.00099773243    0.17459106445 
    0.0010204082    0.18511962891 
    0.0010430839     0.1943359375 
    0.0010657596    0.20205688477 
    0.0010884354    0.20791625977 
    0.0011111111    0.21166992188 
    0.0011337868    0.21282958984 
    0.0011564626    0.21212768555 
    0.0011791383    0.20922851562 
    0.0012018141    0.20419311523 
    0.0012244898    0.19744873047 
    0.0012471655    0.18905639648 
    0.0012698413    0.17959594727 
     0.001292517     0.1692199707 
    0.0013151927    0.15866088867 
    0.0013378685    0.14822387695 
    0.0013605442    0.13800048828 
      0.00138322    0.12838745117 
    0.0014058957    0.11950683594 
    0.0014285714    0.11114501953 
    0.0014512472    0.10360717773 
    0.0014739229   0.097076416016 
    0.0014965986   0.091247558594 
    0.0015192744   0.086090087891 
    0.0015419501   0.081634521484 
    0.0015646259   0.078063964844 
    0.0015873016   0.075256347656 
    0.0016099773   0.073211669922 
    0.0016326531   0.071624755859 
    0.0016553288   0.070770263672 
    0.0016780045   0.070526123047 
    0.0017006803   0.070404052734 
     0.001723356   0.070465087891 
    0.0017460317   0.070892333984 
    0.0017687075   0.071228027344 
    0.0017913832   0.071502685547 
     0.001814059   0.071685791016 
    0.0018367347   0.071350097656 
    0.0018594104   0.070770263672 
    0.0018820862   0.069702148438 
    0.0019047619   0.067504882812 
    0.0019274376   0.064575195312 
    0.0019501134   0.060791015625 
    0.0019727891   0.056182861328 
    0.0019954649   0.049957275391 
    0.0020181406   0.042633056641 
    0.0020408163   0.033966064453 
    0.0020634921   0.024566650391 
    0.0020861678   0.013854980469 
    0.0021088435  0.0021362304688 
    0.0021315193  -0.010406494141 
     0.002154195  -0.023376464844 
    0.0021768707  -0.036651611328 
    0.0021995465  -0.049682617188 
    0.0022222222  -0.062744140625 
     0.002244898  -0.075164794922 
    0.0022675737  -0.086456298828 
    0.0022902494  -0.096496582031 
    0.0023129252   -0.10516357422 
    0.0023356009   -0.11224365234 
    0.0023582766   -0.11801147461 
    0.0023809524   -0.12213134766 
    0.0024036281   -0.12487792969 
    0.0024263039   -0.12619018555 
    0.0024489796   -0.12646484375 
    0.0024716553   -0.12585449219 
    0.0024943311   -0.12457275391 
    0.0025170068   -0.12280273438 
    0.0025396825   -0.12063598633 
    0.0025623583   -0.11819458008 
     0.002585034   -0.11544799805 
    0.0026077098   -0.11267089844 
    0.0026303855   -0.10998535156 
    0.0026530612   -0.10739135742 
     0.002675737   -0.10479736328 
    0.0026984127   -0.10247802734 
    0.0027210884    -0.1005859375 
    0.0027437642  -0.098846435547 
    0.0027664399  -0.097564697266 
    0.0027891156  -0.096466064453 
    0.0028117914  -0.095581054688 
    0.0028344671  -0.095062255859 
    0.0028571429  -0.094573974609 
    0.0028798186  -0.094451904297 
    0.0029024943  -0.093963623047 
    0.0029251701  -0.093719482422 
    0.0029478458  -0.093444824219 
    0.0029705215  -0.093078613281 
    0.0029931973  -0.092651367188 
     0.003015873  -0.091613769531 
    0.0030385488  -0.090576171875 
    0.0030612245  -0.088989257812 
    0.0030839002   -0.08740234375 
     0.003106576  -0.085723876953 
    0.0031292517  -0.084045410156 
    0.0031519274  -0.082397460938 
    0.0031746032  -0.080749511719 
    0.0031972789  -0.079254150391 
    0.0032199546  -0.077941894531 
    0.0032426304    -0.0771484375 
    0.0032653061  -0.076629638672 
    0.0032879819  -0.076446533203 
    0.0033106576   -0.07666015625 
    0.0033333333  -0.077209472656 
    0.0033560091  -0.077972412109 
    0.0033786848  -0.079040527344 
    0.0034013605  -0.080108642578 
    0.0034240363  -0.081176757812 
     0.003446712  -0.082122802734 
    0.0034693878  -0.083435058594 
    0.0034920635  -0.084503173828 
    0.0035147392  -0.085388183594 
     0.003537415  -0.086517333984 
    0.0035600907  -0.087310791016 
    0.0035827664  -0.088012695312 
    0.0036054422  -0.088592529297 
    0.0036281179  -0.088623046875 
    0.0036507937  -0.088409423828 
    0.0036734694     -0.087890625 
    0.0036961451  -0.087127685547 
    0.0037188209  -0.085754394531 
    0.0037414966     -0.083984375 
    0.0037641723  -0.081909179688 
    0.0037868481  -0.079498291016 
    0.0038095238  -0.076599121094 
    0.0038321995  -0.073333740234 
    0.0038548753  -0.070190429688 
     0.003877551  -0.066772460938 
    0.0039002268    -0.0634765625 
    0.0039229025  -0.059967041016 
    0.0039455782  -0.056243896484 
     0.003968254  -0.052551269531 
    0.0039909297  -0.048522949219 
    0.0040136054  -0.044311523438 
    0.0040362812  -0.040466308594 
    0.0040589569  -0.036407470703 
    0.0040816327  -0.032562255859 
    0.0041043084  -0.029052734375 
    0.0041269841  -0.026062011719 
    0.0041496599  -0.023162841797 
    0.0041723356  -0.020782470703 
    0.0041950113  -0.018249511719 
    0.0042176871  -0.015930175781 
    0.0042403628  -0.013916015625 
    0.0042630385  -0.011932373047 
    0.0042857143  -0.010192871094 
      0.00430839  -0.0081176757812 
    0.0043310658  -0.0063171386719 
    0.0043537415   -0.00439453125 
    0.0043764172  -0.0032043457031 
     0.004399093  -0.0017700195312 
    0.0044217687  -0.00082397460938 
    0.0044444444  3.0517578125e-05 
    0.0044671202  0.0006103515625 
    0.0044897959  0.0011291503906 
    0.0045124717  0.0016174316406 
    0.0045351474  0.0018005371094 
    0.0045578231      0.001953125 
    0.0045804989   0.002685546875 
    0.0046031746  0.0032653808594 
    0.0046258503  0.0037231445312 
    0.0046485261  0.0046691894531 
    0.0046712018    0.00537109375 
    0.0046938776  0.0065002441406 
    0.0047165533  0.0072021484375 
     0.004739229  0.0080261230469 
    0.0047619048    0.00927734375 
    0.0047845805   0.010192871094 
    0.0048072562   0.011108398438 
     0.004829932   0.012023925781 
    0.0048526077   0.012817382812 
    0.0048752834   0.014038085938 
    0.0048979592   0.014923095703 
    0.0049206349   0.016296386719 
    0.0049433107   0.017547607422 
    0.0049659864   0.018859863281 
    0.0049886621   0.020294189453 
    0.0050113379   0.022033691406 
    0.0050340136   0.023681640625 
    0.0050566893   0.025238037109 
    0.0050793651   0.026977539062 
    0.0051020408   0.028442382812 
    0.0051247166   0.029815673828 
    0.0051473923   0.031036376953 
     0.005170068   0.032135009766 
    0.0051927438   0.033264160156 
    0.0052154195    0.03369140625 
    0.0052380952   0.033874511719 
     0.005260771   0.033660888672 
    0.0052834467   0.032806396484 
    0.0053061224   0.031646728516 
    0.0053287982     0.0302734375 
    0.0053514739   0.028442382812 
    0.0053741497   0.026214599609 
    0.0053968254   0.023864746094 
    0.0054195011   0.021362304688 
    0.0054421769   0.018615722656 
    0.0054648526   0.015777587891 
    0.0054875283    0.01318359375 
    0.0055102041   0.010192871094 
    0.0055328798  0.0069274902344 
    0.0055555556  0.0038146972656 
    0.0055782313  0.00039672851562 
     0.005600907  -0.0028991699219 
    0.0056235828  -0.0066528320312 
    0.0056462585  -0.0099792480469 
    0.0056689342  -0.013336181641 
      0.00569161  -0.016845703125 
    0.0057142857  -0.020050048828 
    0.0057369615  -0.022888183594 
    0.0057596372     -0.025390625 
    0.0057823129  -0.027648925781 
    0.0058049887     -0.029296875 
    0.0058276644  -0.030090332031 
    0.0058503401  -0.030578613281 
    0.0058730159  -0.030517578125 
    0.0058956916  -0.029876708984 
    0.0059183673  -0.028350830078 
    0.0059410431    -0.0263671875 
    0.0059637188       -0.0234375 
    0.0059863946  -0.020080566406 
    0.0060090703  -0.016296386719 
     0.006031746  -0.011810302734 
