; Sample Rate 44100
; Channels 1
               0  -0.00079345703125 
   2.2675737e-05  0.0038757324219 
   4.5351474e-05  0.0083923339844 
   6.8027211e-05   0.013214111328 
   9.0702948e-05   0.017974853516 
   0.00011337868   0.022674560547 
   0.00013605442   0.026763916016 
   0.00015873016   0.030426025391 
    0.0001814059   0.033447265625 
   0.00020408163   0.035736083984 
   0.00022675737   0.037506103516 
   0.00024943311    0.03857421875 
   0.00027210884   0.038787841797 
   0.00029478458   0.038879394531 
   0.00031746032   0.038269042969 
   0.00034013605   0.037384033203 
   0.00036281179   0.036071777344 
   0.00038548753   0.034484863281 
   0.00040816327   0.033142089844 
     0.000430839   0.031860351562 
   0.00045351474   0.030700683594 
   0.00047619048   0.029449462891 
   0.00049886621   0.028625488281 
   0.00052154195   0.028045654297 
   0.00054421769   0.027923583984 
   0.00056689342   0.028076171875 
   0.00058956916   0.028717041016 
    0.0006122449   0.029937744141 
   0.00063492063   0.032165527344 
   0.00065759637   0.035369873047 
   0.00068027211   0.039855957031 
   0.00070294785   0.045227050781 
   0.00072562358   0.051879882812 
   0.00074829932   0.059539794922 
   0.00077097506      0.068359375 
   0.00079365079         0.078125 
   0.00081632653   0.088470458984 
   0.00083900227   0.099884033203 
     0.000861678    0.11175537109 
   0.00088435374    0.12399291992 
   0.00090702948    0.13659667969 
   0.00092970522     0.1491394043 
   0.00095238095     0.1614074707 
   0.00097505669    0.17309570312 
   0.00099773243    0.18402099609 
    0.0010204082    0.19354248047 
    0.0010430839    0.20166015625 
    0.0010657596    0.20803833008 
    0.0010884354    0.21206665039 
    0.0011111111    0.21368408203 
    0.0011337868    0.21279907227 
    0.0011564626     0.2096862793 
    0.0011791383    0.20443725586 
    0.0012018141    0.19714355469 
    0.0012244898    0.18853759766 
    0.0012471655    0.17858886719 
    0.0012698413    0.16809082031 
     0.001292517    0.15728759766 
    0.0013151927    0.14678955078 
    0.0013378685    0.13629150391 
    0.0013605442    0.12664794922 
      0.00138322    0.11776733398 
    0.0014058957    0.10946655273 
    0.0014285714    0.10208129883 
    0.0014512472   0.095306396484 
    0.0014739229   0.089752197266 
    0.0014965986   0.084686279297 
    0.0015192744   0.080230712891 
    0.0015419501    0.07666015625 
    0.0015646259   0.073486328125 
    0.0015873016     0.0712890625 
    0.0016099773   0.069458007812 
    0.0016326531   0.068267822266 
    0.0016553288   0.067657470703 
    0.0016780045   0.067474365234 
    0.0017006803    0.06787109375 
     0.001723356   0.068695068359 
    0.0017460317   0.069152832031 
    0.0017687075    0.06982421875 
    0.0017913832   0.070068359375 
     0.001814059   0.070159912109 
    0.0018367347   0.069366455078 
    0.0018594104   0.068084716797 
    0.0018820862   0.065948486328 
    0.0019047619   0.062774658203 
    0.0019274376   0.059020996094 
    0.0019501134   0.053924560547 
    0.0019727891   0.047760009766 
    0.0019954649   0.040374755859 
    0.0020181406   0.031951904297 
    0.0020408163   0.022155761719 
    0.0020634921   0.011352539062 
    0.0020861678  -0.00076293945312 
    0.0021088435  -0.012939453125 
    0.0021315193  -0.026092529297 
     0.002154195  -0.039306640625 
    0.0021768707  -0.052337646484 
    0.0021995465  -0.065246582031 
    0.0022222222  -0.077178955078 
     0.002244898  -0.088012695312 
    0.0022675737  -0.098083496094 
    0.0022902494   -0.10665893555 
    0.0023129252   -0.11349487305 
    0.0023356009   -0.11889648438 
    0.0023582766   -0.12310791016 
    0.0023809524    -0.1252746582 
    0.0024036281   -0.12640380859 
    0.0024263039   -0.12640380859 
    0.0024489796   -0.12567138672 
    0.0024716553   -0.12408447266 
    0.0024943311   -0.12222290039 
    0.0025170068   -0.11975097656 
    0.0025396825   -0.11697387695 
    0.0025623583    -0.1139831543 
     0.002585034   -0.11120605469 
    0.0026077098   -0.10855102539 
    0.0026303855   -0.10610961914 
    0.0026530612   -0.10394287109 
     0.002675737   -0.10195922852 
    0.0026984127   -0.10049438477 
    0.0027210884  -0.099151611328 
    0.0027437642  -0.098205566406 
    0.0027664399  -0.097503662109 
    0.0027891156  -0.096649169922 
    0.0028117914  -0.096069335938 
    0.0028344671  -0.095245361328 
    0.0028571429  -0.094757080078 
    0.0028798186  -0.094177246094 
    0.0029024943  -0.093658447266 
    0.0029251701  -0.093200683594 
    0.0029478458  -0.092498779297 
    0.0029705215  -0.091583251953 
    0.0029931973  -0.090606689453 
     0.003015873  -0.089569091797 
    0.0030385488     -0.087890625 
    0.0030612245  -0.086395263672 
    0.0030839002  -0.084777832031 
     0.003106576  -0.083068847656 
    0.0031292517  -0.081481933594 
    0.0031519274  -0.079772949219 
    0.0031746032  -0.078552246094 
    0.0031972789  -0.077484130859 
    0.0032199546  -0.076629638672 
    0.0032426304  -0.075958251953 
    0.0032653061  -0.075988769531 
    0.0032879819  -0.076202392578 
    0.0033106576  -0.076568603516 
    0.0033333333  -0.077331542969 
    0.0033560091  -0.078247070312 
    0.0033786848  -0.079345703125 
    0.0034013605  -0.080474853516 
    0.0034240363  -0.081695556641 
     0.003446712  -0.082672119141 
    0.0034693878  -0.083740234375 
    0.0034920635  -0.085113525391 
    0.0035147392  -0.086090087891 
     0.003537415  -0.087158203125 
    0.0035600907  -0.087738037109 
    0.0035827664  -0.087951660156 
    0.0036054422     -0.087890625 
    0.0036281179  -0.087646484375 
    0.0036507937  -0.086944580078 
    0.0036734694  -0.085571289062 
    0.0036961451  -0.083831787109 
    0.0037188209  -0.081817626953 
    0.0037414966  -0.079193115234 
    0.0037641723  -0.076477050781 
    0.0037868481  -0.073120117188 
    0.0038095238  -0.069610595703 
    0.0038321995  -0.065887451172 
    0.0038548753  -0.062316894531 
     0.003877551  -0.058685302734 
    0.0039002268  -0.055358886719 
    0.0039229025  -0.051696777344 
    0.0039455782  -0.047882080078 
     0.003968254  -0.044158935547 
    0.0039909297  -0.040344238281 
    0.0040136054  -0.036865234375 
    0.0040362812  -0.033325195312 
    0.0040589569  -0.030181884766 
    0.0040816327  -0.027130126953 
    0.0041043084  -0.024444580078 
    0.0041269841   -0.02197265625 
    0.0041496599  -0.019958496094 
    0.0041723356  -0.017913818359 
    0.0041950113  -0.015930175781 
    0.0042176871   -0.01416015625 
    0.0042403628  -0.012359619141 
    0.0042630385  -0.010314941406 
    0.0042857143  -0.0083923339844 
      0.00430839  -0.0066223144531 
    0.0043310658  -0.0048522949219 
    0.0043537415  -0.0033874511719 
    0.0043764172  -0.0018310546875 
     0.004399093  -0.00094604492188 
    0.0044217687  -0.00033569335938 
    0.0044444444  0.0003662109375 
    0.0044671202     0.0009765625 
    0.0044897959  0.0013427734375 
    0.0045124717  0.0018615722656 
    0.0045351474  0.0022277832031 
    0.0045578231  0.0030517578125 
    0.0045804989  0.0037841796875 
    0.0046031746  0.0045776367188 
    0.0046258503  0.0054016113281 
    0.0046485261    0.00634765625 
    0.0046712018  0.0073547363281 
    0.0046938776  0.0084533691406 
    0.0047165533  0.0091552734375 
     0.004739229   0.010009765625 
    0.0047619048   0.010772705078 
    0.0047845805   0.011810302734 
    0.0048072562   0.012908935547 
     0.004829932   0.013916015625 
    0.0048526077   0.015075683594 
    0.0048752834   0.016540527344 
    0.0048979592   0.018035888672 
    0.0049206349   0.019592285156 
    0.0049433107   0.020965576172 
    0.0049659864   0.022857666016 
    0.0049886621   0.024230957031 
    0.0050113379   0.025512695312 
    0.0050340136    0.02685546875 
    0.0050566893   0.027893066406 
    0.0050793651   0.028930664062 
    0.0051020408   0.029663085938 
    0.0051247166   0.030242919922 
    0.0051473923   0.030883789062 
     0.005170068   0.031372070312 
    0.0051927438   0.031494140625 
    0.0052154195   0.031341552734 
    0.0052380952    0.03076171875 
     0.005260771   0.029937744141 
    0.0052834467   0.028869628906 
    0.0053061224   0.027191162109 
    0.0053287982   0.025482177734 
    0.0053514739   0.023498535156 
    0.0053741497   0.021087646484 
    0.0053968254   0.018829345703 
    0.0054195011   0.016387939453 
    0.0054421769   0.013763427734 
    0.0054648526   0.011108398438 
    0.0054875283  0.0085144042969 
    0.0055102041  0.0055236816406 
    0.0055328798  0.0025634765625 
    0.0055555556  -0.00039672851562 
    0.0055782313  -0.0037841796875 
     0.005600907  -0.0072937011719 
    0.0056235828  -0.010833740234 
    0.0056462585  -0.014221191406 
    0.0056689342  -0.017486572266 
      0.00569161  -0.020233154297 
    0.0057142857  -0.022796630859 
    0.0057369615  -0.024932861328 
    0.0057596372  -0.026611328125 
    0.0057823129  -0.027709960938 
    0.0058049887  -0.027984619141 
    0.0058276644  -0.028198242188 
    0.0058503401  -0.027801513672 
    0.0058730159  -0.026550292969 
    0.0058956916  -0.024963378906 
    0.0059183673  -0.022521972656 
    0.0059410431  -0.019866943359 
    0.0059637188  -0.016479492188 
    0.0059863946  -0.012725830078 
    0.0060090703  -0.0087280273438 
     0.006031746  -0.0045776367188 
