; Sample Rate 44100
; Channels 1
               0  -0.005615234375 
   2.2675737e-05  -0.0017395019531 
   4.5351474e-05  0.0025024414062 
   6.8027211e-05  0.0067749023438 
   9.0702948e-05   0.011047363281 
   0.00011337868   0.015380859375 
   0.00013605442   0.019897460938 
   0.00015873016   0.023712158203 
    0.0001814059   0.027282714844 
   0.00020408163   0.030578613281 
   0.00022675737   0.033081054688 
   0.00024943311   0.035430908203 
   0.00027210884   0.036651611328 
   0.00029478458   0.037322998047 
   0.00031746032   0.037567138672 
   0.00034013605   0.037384033203 
   0.00036281179   0.036926269531 
   0.00038548753   0.035888671875 
   0.00040816327   0.035003662109 
     0.000430839     0.0341796875 
   0.00045351474   0.033294677734 
   0.00047619048   0.032562255859 
   0.00049886621   0.032470703125 
   0.00052154195   0.032501220703 
   0.00054421769   0.032745361328 
   0.00056689342   0.033416748047 
   0.00058956916   0.034851074219 
    0.0006122449   0.036773681641 
   0.00063492063   0.039520263672 
   0.00065759637   0.043060302734 
   0.00068027211   0.047332763672 
   0.00070294785   0.052795410156 
   0.00072562358   0.058959960938 
   0.00074829932   0.066345214844 
   0.00077097506   0.074462890625 
   0.00079365079   0.083374023438 
   0.00081632653   0.092712402344 
   0.00083900227    0.10241699219 
     0.000861678    0.11276245117 
   0.00088435374    0.12347412109 
   0.00090702948    0.13427734375 
   0.00092970522    0.14511108398 
   0.00095238095     0.1555480957 
   0.00097505669    0.16546630859 
   0.00099773243    0.17498779297 
    0.0010204082    0.18301391602 
    0.0010430839     0.1901550293 
    0.0010657596    0.19546508789 
    0.0010884354    0.19882202148 
    0.0011111111    0.20034790039 
    0.0011337868    0.19964599609 
    0.0011564626    0.19677734375 
    0.0011791383    0.19213867188 
    0.0012018141    0.18579101562 
    0.0012244898    0.17797851562 
    0.0012471655    0.16943359375 
    0.0012698413    0.16027832031 
     0.001292517    0.15090942383 
    0.0013151927    0.14178466797 
    0.0013378685        0.1328125 
    0.0013605442    0.12442016602 
      0.00138322    0.11672973633 
    0.0014058957    0.10955810547 
    0.0014285714    0.10317993164 
    0.0014512472   0.097473144531 
    0.0014739229   0.092590332031 
    0.0014965986   0.088165283203 
    0.0015192744   0.084533691406 
    0.0015419501   0.081787109375 
    0.0015646259   0.079071044922 
    0.0015873016   0.076965332031 
    0.0016099773   0.075347900391 
    0.0016326531   0.074035644531 
    0.0016553288   0.072784423828 
    0.0016780045    0.07177734375 
    0.0017006803   0.070922851562 
     0.001723356   0.070281982422 
    0.0017460317   0.069610595703 
    0.0017687075   0.069213867188 
    0.0017913832   0.068511962891 
     0.001814059   0.067840576172 
    0.0018367347   0.066589355469 
    0.0018594104   0.064758300781 
    0.0018820862   0.062530517578 
    0.0019047619   0.059814453125 
    0.0019274376   0.056182861328 
    0.0019501134   0.051910400391 
    0.0019727891   0.046142578125 
    0.0019954649   0.039428710938 
    0.0020181406    0.03173828125 
    0.0020408163   0.022857666016 
    0.0020634921   0.013153076172 
    0.0020861678   0.002197265625 
    0.0021088435  -0.0092468261719 
    0.0021315193  -0.021392822266 
     0.002154195  -0.033477783203 
    0.0021768707  -0.045654296875 
    0.0021995465  -0.057525634766 
    0.0022222222  -0.069000244141 
     0.002244898  -0.079406738281 
    0.0022675737  -0.088470458984 
    0.0022902494  -0.096374511719 
    0.0023129252   -0.10317993164 
    0.0023356009   -0.10836791992 
    0.0023582766   -0.11273193359 
    0.0023809524   -0.11560058594 
    0.0024036281    -0.1174621582 
    0.0024263039   -0.11856079102 
    0.0024489796   -0.11892700195 
    0.0024716553   -0.11862182617 
    0.0024943311    -0.1178894043 
    0.0025170068   -0.11645507812 
    0.0025396825    -0.1145324707 
    0.0025623583   -0.11239624023 
     0.002585034   -0.10995483398 
    0.0026077098   -0.10760498047 
    0.0026303855   -0.10504150391 
    0.0026530612   -0.10278320312 
     0.002675737   -0.10052490234 
    0.0026984127  -0.098205566406 
    0.0027210884  -0.096557617188 
    0.0027437642  -0.094818115234 
    0.0027664399  -0.093353271484 
    0.0027891156  -0.092315673828 
    0.0028117914  -0.091369628906 
    0.0028344671  -0.090698242188 
    0.0028571429  -0.090209960938 
    0.0028798186  -0.089782714844 
    0.0029024943  -0.089111328125 
    0.0029251701  -0.088928222656 
    0.0029478458  -0.088653564453 
    0.0029705215  -0.088348388672 
    0.0029931973  -0.087921142578 
     0.003015873  -0.087646484375 
    0.0030385488  -0.087341308594 
    0.0030612245  -0.086822509766 
    0.0030839002  -0.086578369141 
     0.003106576  -0.086212158203 
    0.0031292517  -0.086029052734 
    0.0031519274  -0.085540771484 
    0.0031746032  -0.085723876953 
    0.0031972789  -0.085601806641 
    0.0032199546  -0.085571289062 
    0.0032426304  -0.085754394531 
    0.0032653061  -0.085784912109 
    0.0032879819  -0.086120605469 
    0.0033106576  -0.086486816406 
    0.0033333333  -0.087249755859 
    0.0033560091  -0.087799072266 
    0.0033786848  -0.088439941406 
    0.0034013605  -0.089172363281 
    0.0034240363  -0.089996337891 
     0.003446712  -0.090850830078 
    0.0034693878  -0.091705322266 
    0.0034920635  -0.092407226562 
    0.0035147392  -0.092926025391 
     0.003537415  -0.093505859375 
    0.0035600907  -0.093627929688 
    0.0035827664  -0.093414306641 
    0.0036054422  -0.092834472656 
    0.0036281179  -0.091735839844 
    0.0036507937  -0.090393066406 
    0.0036734694  -0.088745117188 
    0.0036961451  -0.086212158203 
    0.0037188209  -0.083587646484 
    0.0037414966  -0.080688476562 
    0.0037641723  -0.077484130859 
    0.0037868481  -0.073760986328 
    0.0038095238  -0.069854736328 
    0.0038321995  -0.065704345703 
    0.0038548753  -0.061767578125 
     0.003877551  -0.057556152344 
    0.0039002268  -0.053405761719 
    0.0039229025  -0.049438476562 
    0.0039455782  -0.045196533203 
     0.003968254  -0.040893554688 
    0.0039909297  -0.036956787109 
    0.0040136054  -0.032928466797 
    0.0040362812  -0.029357910156 
    0.0040589569  -0.025909423828 
    0.0040816327  -0.022735595703 
    0.0041043084  -0.020294189453 
    0.0041269841  -0.017547607422 
    0.0041496599  -0.015563964844 
    0.0041723356  -0.013549804688 
    0.0041950113      -0.01171875 
    0.0042176871  -0.0099182128906 
    0.0042403628  -0.0084838867188 
    0.0042630385  -0.0071716308594 
    0.0042857143  -0.0053405761719 
      0.00430839  -0.0042724609375 
    0.0043310658  -0.0030212402344 
    0.0043537415  -0.0021057128906 
    0.0043764172  -0.0011291503906 
     0.004399093  -0.00054931640625 
    0.0044217687  6.103515625e-05 
    0.0044444444  0.00051879882812 
    0.0044671202  0.00091552734375 
    0.0044897959  0.0016174316406 
    0.0045124717  0.0025329589844 
    0.0045351474   0.003173828125 
    0.0045578231  0.0038452148438 
    0.0045804989  0.0047912597656 
    0.0046031746  0.0053405761719 
    0.0046258503  0.0060119628906 
    0.0046485261  0.0068054199219 
    0.0046712018  0.0074157714844 
    0.0046938776  0.0083618164062 
    0.0047165533  0.0087585449219 
     0.004739229  0.0094299316406 
    0.0047619048   0.010192871094 
    0.0047845805   0.011108398438 
    0.0048072562   0.012023925781 
     0.004829932   0.012969970703 
    0.0048526077   0.014099121094 
    0.0048752834   0.015106201172 
    0.0048979592   0.016387939453 
    0.0049206349   0.017761230469 
    0.0049433107   0.019439697266 
    0.0049659864   0.020965576172 
    0.0049886621   0.022583007812 
    0.0050113379   0.024353027344 
    0.0050340136   0.025665283203 
    0.0050566893   0.026702880859 
    0.0050793651   0.027374267578 
    0.0051020408   0.027862548828 
    0.0051247166   0.028472900391 
    0.0051473923   0.029052734375 
     0.005170068   0.029113769531 
    0.0051927438   0.029418945312 
    0.0052154195   0.029235839844 
    0.0052380952   0.028930664062 
     0.005260771   0.028411865234 
    0.0052834467   0.027709960938 
    0.0053061224   0.026214599609 
    0.0053287982   0.024566650391 
    0.0053514739   0.022155761719 
    0.0053741497   0.019653320312 
    0.0053968254   0.016876220703 
    0.0054195011   0.013885498047 
    0.0054421769   0.010589599609 
    0.0054648526   0.007568359375 
    0.0054875283    0.00439453125 
    0.0055102041  0.0017395019531 
    0.0055328798  -0.0010070800781 
    0.0055555556  -0.0036926269531 
    0.0055782313  -0.0061340332031 
     0.005600907  -0.0086364746094 
    0.0056235828  -0.010894775391 
    0.0056462585  -0.012939453125 
    0.0056689342  -0.015167236328 
      0.00569161  -0.017181396484 
    0.0057142857  -0.019195556641 
    0.0057369615  -0.021026611328 
    0.0057596372  -0.022613525391 
    0.0057823129  -0.023864746094 
    0.0058049887  -0.024536132812 
    0.0058276644  -0.025085449219 
    0.0058503401  -0.025146484375 
    0.0058730159  -0.024719238281 
    0.0058956916  -0.023406982422 
    0.0059183673  -0.022125244141 
    0.0059410431  -0.019805908203 
    0.0059637188  -0.017059326172 
    0.0059863946  -0.014068603516 
    0.0060090703  -0.010467529297 
     0.006031746  -0.0067138671875 
    0.0060544218  -0.0022277832031 
