; Sample Rate 44100
; Channels 1
               0  -0.0053405761719 
   2.2675737e-05  -0.00042724609375 
   4.5351474e-05  0.0043029785156 
   6.8027211e-05  0.0092468261719 
   9.0702948e-05   0.014251708984 
   0.00011337868   0.018981933594 
   0.00013605442   0.023132324219 
   0.00015873016   0.027374267578 
    0.0001814059   0.031097412109 
   0.00020408163   0.034149169922 
   0.00022675737   0.036773681641 
   0.00024943311   0.038604736328 
   0.00027210884   0.039886474609 
   0.00029478458    0.04052734375 
   0.00031746032   0.040344238281 
   0.00034013605   0.039611816406 
   0.00036281179   0.038482666016 
   0.00038548753   0.036956787109 
   0.00040816327   0.035278320312 
     0.000430839   0.033142089844 
   0.00045351474   0.031066894531 
   0.00047619048   0.029235839844 
   0.00049886621   0.027465820312 
   0.00052154195   0.025970458984 
   0.00054421769   0.024932861328 
   0.00056689342   0.024230957031 
   0.00058956916   0.024017333984 
    0.0006122449   0.024261474609 
   0.00063492063   0.025299072266 
   0.00065759637   0.027282714844 
   0.00068027211   0.030181884766 
   0.00070294785   0.034271240234 
   0.00072562358   0.039428710938 
   0.00074829932   0.045654296875 
   0.00077097506    0.05322265625 
   0.00079365079   0.062042236328 
   0.00081632653   0.071655273438 
   0.00083900227   0.082092285156 
     0.000861678   0.093658447266 
   0.00088435374    0.10565185547 
   0.00090702948    0.11798095703 
   0.00092970522    0.13034057617 
   0.00095238095    0.14288330078 
   0.00097505669    0.15505981445 
   0.00099773243    0.16696166992 
    0.0010204082    0.17825317383 
    0.0010430839    0.18865966797 
    0.0010657596    0.19778442383 
    0.0010884354    0.20516967773 
    0.0011111111    0.21063232422 
    0.0011337868    0.21368408203 
    0.0011564626    0.21438598633 
    0.0011791383    0.21273803711 
    0.0012018141    0.20880126953 
    0.0012244898    0.20260620117 
    0.0012471655    0.19454956055 
    0.0012698413    0.18502807617 
     0.001292517    0.17443847656 
    0.0013151927    0.16326904297 
    0.0013378685     0.1520690918 
    0.0013605442    0.14093017578 
      0.00138322    0.13027954102 
    0.0014058957    0.12023925781 
    0.0014285714    0.11090087891 
    0.0014512472    0.10220336914 
    0.0014739229   0.094604492188 
    0.0014965986   0.087646484375 
    0.0015192744       0.08203125 
    0.0015419501   0.076934814453 
    0.0015646259    0.07275390625 
    0.0015873016   0.069580078125 
    0.0016099773   0.067108154297 
    0.0016326531   0.065338134766 
    0.0016553288   0.064361572266 
    0.0016780045   0.063751220703 
    0.0017006803   0.063690185547 
     0.001723356   0.063934326172 
    0.0017460317   0.064605712891 
    0.0017687075   0.065093994141 
    0.0017913832   0.066192626953 
     0.001814059   0.066986083984 
    0.0018367347   0.067291259766 
    0.0018594104   0.067321777344 
    0.0018820862   0.066711425781 
    0.0019047619   0.065460205078 
    0.0019274376     0.0634765625 
    0.0019501134   0.060394287109 
    0.0019727891   0.056182861328 
    0.0019954649   0.050720214844 
    0.0020181406   0.044128417969 
    0.0020408163   0.036254882812 
    0.0020634921   0.027252197266 
    0.0020861678   0.016967773438 
    0.0021088435  0.0056457519531 
    0.0021315193  -0.0065612792969 
     0.002154195  -0.019165039062 
    0.0021768707  -0.032165527344 
    0.0021995465  -0.045440673828 
    0.0022222222  -0.058532714844 
     0.002244898  -0.070861816406 
    0.0022675737  -0.082183837891 
    0.0022902494  -0.092407226562 
    0.0023129252   -0.10122680664 
    0.0023356009   -0.10855102539 
    0.0023582766    -0.1145324707 
    0.0023809524   -0.11868286133 
    0.0024036281   -0.12149047852 
    0.0024263039   -0.12310791016 
    0.0024489796   -0.12371826172 
    0.0024716553   -0.12359619141 
    0.0024943311   -0.12255859375 
    0.0025170068   -0.12103271484 
    0.0025396825   -0.11868286133 
    0.0025623583   -0.11590576172 
     0.002585034   -0.11294555664 
    0.0026077098   -0.11001586914 
    0.0026303855   -0.10696411133 
    0.0026530612   -0.10400390625 
     0.002675737   -0.10092163086 
    0.0026984127  -0.098480224609 
    0.0027210884   -0.09619140625 
    0.0027437642  -0.094146728516 
    0.0027664399  -0.092376708984 
    0.0027891156  -0.090942382812 
    0.0028117914  -0.089752197266 
    0.0028344671  -0.088897705078 
    0.0028571429  -0.088470458984 
    0.0028798186  -0.088073730469 
    0.0029024943  -0.087768554688 
    0.0029251701  -0.087768554688 
    0.0029478458  -0.087860107422 
    0.0029705215     -0.087890625 
    0.0029931973  -0.088012695312 
     0.003015873  -0.088073730469 
    0.0030385488  -0.087829589844 
    0.0030612245  -0.087554931641 
    0.0030839002    -0.0869140625 
     0.003106576  -0.086273193359 
    0.0031292517  -0.085327148438 
    0.0031519274  -0.084320068359 
    0.0031746032  -0.083404541016 
    0.0031972789   -0.08251953125 
    0.0032199546  -0.081604003906 
    0.0032426304  -0.081085205078 
    0.0032653061  -0.080688476562 
    0.0032879819  -0.080444335938 
    0.0033106576  -0.080383300781 
    0.0033333333  -0.080657958984 
    0.0033560091  -0.081146240234 
    0.0033786848  -0.081787109375 
    0.0034013605  -0.082489013672 
    0.0034240363  -0.083251953125 
     0.003446712  -0.084045410156 
    0.0034693878  -0.084869384766 
    0.0034920635  -0.085632324219 
    0.0035147392  -0.086608886719 
     0.003537415  -0.087127685547 
    0.0035600907  -0.087829589844 
    0.0035827664  -0.088348388672 
    0.0036054422  -0.088745117188 
    0.0036281179  -0.088806152344 
    0.0036507937  -0.088806152344 
    0.0036734694  -0.088195800781 
    0.0036961451  -0.087249755859 
    0.0037188209       -0.0859375 
    0.0037414966  -0.084320068359 
    0.0037641723  -0.082061767578 
    0.0037868481  -0.079315185547 
    0.0038095238  -0.076385498047 
    0.0038321995  -0.072967529297 
    0.0038548753  -0.069702148438 
     0.003877551  -0.066162109375 
    0.0039002268          -0.0625 
    0.0039229025  -0.058929443359 
    0.0039455782  -0.054992675781 
     0.003968254  -0.051116943359 
    0.0039909297  -0.047302246094 
    0.0040136054   -0.04345703125 
    0.0040362812  -0.039733886719 
    0.0040589569  -0.036071777344 
    0.0040816327  -0.032501220703 
    0.0041043084  -0.029052734375 
    0.0041269841  -0.025634765625 
    0.0041496599  -0.022491455078 
    0.0041723356  -0.019592285156 
    0.0041950113  -0.016387939453 
    0.0042176871     -0.013671875 
    0.0042403628  -0.011047363281 
    0.0042630385  -0.0084838867188 
    0.0042857143  -0.006103515625 
      0.00430839  -0.0041809082031 
    0.0043310658  -0.0025634765625 
    0.0043537415  -0.00091552734375 
    0.0043764172  0.00039672851562 
     0.004399093  0.0015869140625 
    0.0044217687     0.0029296875 
    0.0044444444  0.0037841796875 
    0.0044671202  0.0044250488281 
    0.0044897959    0.00537109375 
    0.0045124717   0.006103515625 
    0.0045351474  0.0070190429688 
    0.0045578231  0.0079956054688 
    0.0045804989  0.0086059570312 
    0.0046031746  0.0093994140625 
    0.0046258503   0.010223388672 
    0.0046485261   0.010986328125 
    0.0046712018   0.011596679688 
    0.0046938776   0.011871337891 
    0.0047165533   0.012084960938 
     0.004739229   0.012268066406 
    0.0047619048   0.012237548828 
    0.0047845805   0.012298583984 
    0.0048072562   0.012329101562 
     0.004829932   0.012542724609 
    0.0048526077   0.012969970703 
    0.0048752834   0.013427734375 
    0.0048979592   0.014373779297 
    0.0049206349   0.015716552734 
    0.0049433107   0.016845703125 
    0.0049659864   0.018218994141 
    0.0049886621   0.019592285156 
    0.0050113379   0.021179199219 
    0.0050340136   0.022399902344 
    0.0050566893   0.023712158203 
    0.0050793651   0.024932861328 
    0.0051020408   0.026000976562 
    0.0051247166   0.026824951172 
    0.0051473923   0.027618408203 
     0.005170068   0.028442382812 
    0.0051927438   0.029174804688 
    0.0052154195   0.029632568359 
    0.0052380952   0.030090332031 
     0.005260771   0.030181884766 
    0.0052834467   0.030090332031 
    0.0053061224   0.029388427734 
    0.0053287982   0.028228759766 
    0.0053514739   0.026672363281 
    0.0053741497   0.024810791016 
    0.0053968254   0.022857666016 
    0.0054195011   0.020629882812 
    0.0054421769   0.018096923828 
    0.0054648526   0.015563964844 
    0.0054875283   0.013031005859 
    0.0055102041   0.010284423828 
    0.0055328798  0.0077209472656 
    0.0055555556   0.005126953125 
    0.0055782313  0.0022583007812 
     0.005600907  -0.0010375976562 
    0.0056235828  -0.0043029785156 
    0.0056462585  -0.0074768066406 
    0.0056689342  -0.010711669922 
      0.00569161  -0.013946533203 
    0.0057142857  -0.016845703125 
    0.0057369615  -0.019744873047 
    0.0057596372  -0.021942138672 
    0.0057823129  -0.023590087891 
    0.0058049887  -0.024841308594 
    0.0058276644  -0.025604248047 
    0.0058503401  -0.025909423828 
    0.0058730159  -0.025787353516 
    0.0058956916  -0.025177001953 
    0.0059183673  -0.024108886719 
    0.0059410431  -0.022705078125 
    0.0059637188  -0.020935058594 
    0.0059863946  -0.018768310547 
    0.0060090703  -0.016052246094 
     0.006031746    -0.0126953125 
    0.0060544218  -0.0089416503906 
    0.0060770975  -0.0052490234375 
