; Sample Rate 44100
; Channels 1
               0  -0.0036315917969 
   2.2675737e-05  0.0014343261719 
   4.5351474e-05     0.0068359375 
   6.8027211e-05   0.011932373047 
   9.0702948e-05   0.017181396484 
   0.00011337868   0.022094726562 
   0.00013605442   0.026397705078 
   0.00015873016    0.02978515625 
    0.0001814059   0.033111572266 
   0.00020408163   0.035583496094 
   0.00022675737   0.036865234375 
   0.00024943311   0.037750244141 
   0.00027210884     0.0380859375 
   0.00029478458   0.037658691406 
   0.00031746032   0.036682128906 
   0.00034013605   0.035217285156 
   0.00036281179   0.033416748047 
   0.00038548753   0.031524658203 
   0.00040816327   0.029510498047 
     0.000430839       0.02734375 
   0.00045351474   0.025421142578 
   0.00047619048   0.023590087891 
   0.00049886621    0.02197265625 
   0.00052154195   0.021087646484 
   0.00054421769   0.020233154297 
   0.00056689342   0.019805908203 
   0.00058956916   0.019744873047 
    0.0006122449   0.019989013672 
   0.00063492063   0.021240234375 
   0.00065759637   0.022918701172 
   0.00068027211   0.025543212891 
   0.00070294785      0.029296875 
   0.00072562358   0.034393310547 
   0.00074829932   0.040344238281 
   0.00077097506   0.047698974609 
   0.00079365079    0.05615234375 
   0.00081632653   0.065765380859 
   0.00083900227   0.076446533203 
     0.000861678   0.088348388672 
   0.00088435374    0.10137939453 
   0.00090702948    0.11499023438 
   0.00092970522    0.12908935547 
   0.00095238095    0.14389038086 
   0.00097505669    0.15826416016 
   0.00099773243    0.17233276367 
    0.0010204082    0.18579101562 
    0.0010430839    0.19815063477 
    0.0010657596    0.20910644531 
    0.0010884354    0.21774291992 
    0.0011111111    0.22412109375 
    0.0011337868    0.22793579102 
    0.0011564626    0.22866821289 
    0.0011791383    0.22668457031 
    0.0012018141    0.22189331055 
    0.0012244898    0.21469116211 
    0.0012471655    0.20538330078 
    0.0012698413     0.1946105957 
     0.001292517    0.18316650391 
    0.0013151927    0.17086791992 
    0.0013378685    0.15841674805 
    0.0013605442    0.14663696289 
      0.00138322    0.13549804688 
    0.0014058957    0.12503051758 
    0.0014285714    0.11563110352 
    0.0014512472    0.10729980469 
    0.0014739229   0.099914550781 
    0.0014965986   0.093688964844 
    0.0015192744    0.08837890625 
    0.0015419501      0.083984375 
    0.0015646259   0.080413818359 
    0.0015873016   0.077575683594 
    0.0016099773   0.075439453125 
    0.0016326531   0.073852539062 
    0.0016553288   0.072692871094 
    0.0016780045   0.071990966797 
    0.0017006803   0.071594238281 
     0.001723356   0.071441650391 
    0.0017460317   0.071472167969 
    0.0017687075   0.071685791016 
    0.0017913832   0.071899414062 
     0.001814059   0.072113037109 
    0.0018367347   0.071929931641 
    0.0018594104   0.071502685547 
    0.0018820862   0.070678710938 
    0.0019047619   0.068939208984 
    0.0019274376   0.066650390625 
    0.0019501134   0.063323974609 
    0.0019727891   0.058868408203 
    0.0019954649   0.053375244141 
    0.0020181406   0.046783447266 
    0.0020408163   0.038787841797 
    0.0020634921   0.029388427734 
    0.0020861678     0.0185546875 
    0.0021088435  0.0065002441406 
    0.0021315193  -0.0068054199219 
     0.002154195  -0.020599365234 
    0.0021768707  -0.034973144531 
    0.0021995465  -0.049652099609 
    0.0022222222  -0.063812255859 
     0.002244898  -0.077423095703 
    0.0022675737  -0.090026855469 
    0.0022902494   -0.10116577148 
    0.0023129252   -0.11074829102 
    0.0023356009   -0.11856079102 
    0.0023582766   -0.12475585938 
    0.0023809524   -0.12927246094 
    0.0024036281   -0.13244628906 
    0.0024263039   -0.13458251953 
    0.0024489796   -0.13522338867 
    0.0024716553     -0.134765625 
    0.0024943311   -0.13357543945 
    0.0025170068   -0.13168334961 
    0.0025396825   -0.12921142578 
    0.0025623583   -0.12649536133 
     0.002585034    -0.1233215332 
    0.0026077098   -0.12048339844 
    0.0026303855   -0.11724853516 
    0.0026530612   -0.11419677734 
     0.002675737   -0.11151123047 
    0.0026984127   -0.10913085938 
    0.0027210884   -0.10711669922 
    0.0027437642   -0.10556030273 
    0.0027664399   -0.10427856445 
    0.0027891156   -0.10317993164 
    0.0028117914   -0.10205078125 
    0.0028344671   -0.10110473633 
    0.0028571429   -0.10037231445 
    0.0028798186  -0.099151611328 
    0.0029024943  -0.097686767578 
    0.0029251701  -0.096313476562 
    0.0029478458  -0.094818115234 
    0.0029705215  -0.093414306641 
    0.0029931973  -0.091369628906 
     0.003015873  -0.089141845703 
    0.0030385488  -0.087005615234 
    0.0030612245  -0.084655761719 
    0.0030839002  -0.082244873047 
     0.003106576  -0.079895019531 
    0.0031292517  -0.077697753906 
    0.0031519274  -0.075408935547 
    0.0031746032  -0.073303222656 
    0.0031972789  -0.071563720703 
    0.0032199546  -0.070129394531 
    0.0032426304  -0.069274902344 
    0.0032653061  -0.068450927734 
    0.0032879819  -0.068267822266 
    0.0033106576     -0.068359375 
    0.0033333333  -0.068756103516 
    0.0033560091  -0.069519042969 
    0.0033786848  -0.070465087891 
    0.0034013605  -0.071380615234 
    0.0034240363  -0.072296142578 
     0.003446712  -0.073455810547 
    0.0034693878  -0.074676513672 
    0.0034920635  -0.075897216797 
    0.0035147392  -0.077545166016 
     0.003537415  -0.079223632812 
    0.0035600907  -0.081146240234 
    0.0035827664  -0.082702636719 
    0.0036054422  -0.084259033203 
    0.0036281179  -0.085540771484 
    0.0036507937  -0.086486816406 
    0.0036734694  -0.086853027344 
    0.0036961451  -0.086853027344 
    0.0037188209  -0.086151123047 
    0.0037414966  -0.084930419922 
    0.0037641723  -0.083038330078 
    0.0037868481  -0.080627441406 
    0.0038095238  -0.077789306641 
    0.0038321995  -0.075042724609 
    0.0038548753  -0.071807861328 
     0.003877551  -0.068572998047 
    0.0039002268  -0.065155029297 
    0.0039229025  -0.062133789062 
    0.0039455782  -0.059204101562 
     0.003968254  -0.056335449219 
    0.0039909297   -0.05322265625 
    0.0040136054  -0.049926757812 
    0.0040362812  -0.046630859375 
    0.0040589569  -0.043121337891 
    0.0040816327  -0.039978027344 
    0.0041043084  -0.036804199219 
    0.0041269841  -0.033721923828 
    0.0041496599  -0.030517578125 
    0.0041723356   -0.02783203125 
    0.0041950113  -0.024871826172 
    0.0042176871  -0.022155761719 
    0.0042403628  -0.019683837891 
    0.0042630385   -0.01708984375 
    0.0042857143  -0.014831542969 
      0.00430839  -0.012603759766 
    0.0043310658  -0.010345458984 
    0.0043537415  -0.0081176757812 
    0.0043764172   -0.00634765625 
     0.004399093  -0.0048217773438 
    0.0044217687  -0.0035400390625 
    0.0044444444  -0.0023803710938 
    0.0044671202  -0.0018615722656 
    0.0044897959  -0.0013122558594 
    0.0045124717  -0.00057983398438 
    0.0045351474  0.00018310546875 
    0.0045578231  0.00076293945312 
    0.0045804989  0.0014038085938 
    0.0046031746  0.0021362304688 
    0.0046258503  0.0032043457031 
    0.0046485261  0.0042114257812 
    0.0046712018  0.0053100585938 
    0.0046938776  0.0064697265625 
    0.0047165533  0.0074768066406 
     0.004739229     0.0087890625 
    0.0047619048   0.010009765625 
    0.0047845805   0.010925292969 
    0.0048072562   0.011901855469 
     0.004829932   0.013061523438 
    0.0048526077   0.014099121094 
    0.0048752834   0.015502929688 
    0.0048979592   0.016845703125 
    0.0049206349   0.017883300781 
    0.0049433107   0.019073486328 
    0.0049659864   0.020690917969 
    0.0049886621   0.021942138672 
    0.0050113379   0.023559570312 
    0.0050340136   0.025177001953 
    0.0050566893   0.026824951172 
    0.0050793651   0.028594970703 
    0.0051020408   0.030395507812 
    0.0051247166     0.0322265625 
    0.0051473923   0.033813476562 
     0.005170068   0.035034179688 
    0.0051927438   0.036071777344 
    0.0052154195    0.03662109375 
    0.0052380952   0.036895751953 
     0.005260771   0.036468505859 
    0.0052834467   0.035583496094 
    0.0053061224   0.034362792969 
    0.0053287982   0.032806396484 
    0.0053514739   0.031188964844 
    0.0053741497      0.029296875 
    0.0053968254       0.02734375 
    0.0054195011   0.025207519531 
    0.0054421769   0.022735595703 
    0.0054648526   0.020355224609 
    0.0054875283   0.017791748047 
    0.0055102041   0.014923095703 
    0.0055328798   0.011779785156 
    0.0055555556  0.0084533691406 
    0.0055782313  0.0049133300781 
     0.005600907  0.00057983398438 
    0.0056235828  -0.0035705566406 
    0.0056462585  -0.0074157714844 
    0.0056689342  -0.011688232422 
      0.00569161  -0.015930175781 
    0.0057142857  -0.019622802734 
    0.0057369615  -0.023010253906 
    0.0057596372  -0.026031494141 
    0.0057823129  -0.028381347656 
    0.0058049887  -0.029998779297 
    0.0058276644  -0.031005859375 
    0.0058503401   -0.03173828125 
    0.0058730159  -0.031555175781 
    0.0058956916   -0.03076171875 
    0.0059183673  -0.029541015625 
    0.0059410431  -0.027557373047 
    0.0059637188  -0.024932861328 
    0.0059863946  -0.021636962891 
    0.0060090703  -0.017456054688 
     0.006031746  -0.013061523438 
