; Sample Rate 44100
; Channels 1
               0  -0.0026245117188 
   2.2675737e-05    0.00244140625 
   4.5351474e-05  0.0076904296875 
   6.8027211e-05   0.012908935547 
   9.0702948e-05   0.017822265625 
   0.00011337868   0.022766113281 
   0.00013605442   0.026947021484 
   0.00015873016   0.030914306641 
    0.0001814059   0.034271240234 
   0.00020408163   0.036865234375 
   0.00022675737   0.038879394531 
   0.00024943311   0.040496826172 
   0.00027210884   0.041442871094 
   0.00029478458   0.041778564453 
   0.00031746032   0.041412353516 
   0.00034013605   0.040313720703 
   0.00036281179   0.038940429688 
   0.00038548753    0.03662109375 
   0.00040816327   0.034118652344 
     0.000430839   0.031036376953 
   0.00045351474   0.028106689453 
   0.00047619048   0.024932861328 
   0.00049886621   0.022033691406 
   0.00052154195   0.019317626953 
   0.00054421769   0.017059326172 
   0.00056689342   0.015045166016 
   0.00058956916   0.013702392578 
    0.0006122449   0.012847900391 
   0.00063492063   0.012786865234 
   0.00065759637   0.013397216797 
   0.00068027211   0.014923095703 
   0.00070294785   0.017486572266 
   0.00072562358   0.020751953125 
   0.00074829932   0.025512695312 
   0.00077097506   0.031280517578 
   0.00079365079   0.038299560547 
   0.00081632653   0.046752929688 
   0.00083900227   0.056274414062 
     0.000861678   0.067169189453 
   0.00088435374   0.078979492188 
   0.00090702948   0.091827392578 
   0.00092970522     0.1057434082 
   0.00095238095    0.12008666992 
   0.00097505669    0.13491821289 
   0.00099773243    0.14978027344 
    0.0010204082    0.16470336914 
    0.0010430839    0.17916870117 
    0.0010657596    0.19287109375 
    0.0010884354    0.20529174805 
    0.0011111111    0.21624755859 
    0.0011337868    0.22512817383 
    0.0011564626    0.23175048828 
    0.0011791383    0.23529052734 
    0.0012018141    0.23623657227 
    0.0012244898    0.23382568359 
    0.0012471655    0.22875976562 
    0.0012698413    0.22113037109 
     0.001292517    0.21105957031 
    0.0013151927    0.19931030273 
    0.0013378685    0.18637084961 
    0.0013605442    0.17263793945 
      0.00138322    0.15896606445 
    0.0014058957    0.14541625977 
    0.0014285714    0.13259887695 
    0.0014512472     0.1203918457 
    0.0014739229    0.10940551758 
    0.0014965986      0.099609375 
    0.0015192744   0.090911865234 
    0.0015419501   0.083923339844 
    0.0015646259   0.077941894531 
    0.0015873016   0.072967529297 
    0.0016099773   0.069305419922 
    0.0016326531   0.066864013672 
    0.0016553288   0.065032958984 
    0.0016780045   0.064025878906 
    0.0017006803   0.063720703125 
     0.001723356   0.063934326172 
    0.0017460317   0.064514160156 
    0.0017687075   0.065460205078 
    0.0017913832   0.066558837891 
     0.001814059   0.067779541016 
    0.0018367347   0.068939208984 
    0.0018594104   0.070037841797 
    0.0018820862   0.070770263672 
    0.0019047619   0.071258544922 
    0.0019274376   0.070953369141 
    0.0019501134   0.070098876953 
    0.0019727891   0.068572998047 
    0.0019954649   0.065582275391 
    0.0020181406     0.0615234375 
    0.0020408163   0.055725097656 
    0.0020634921   0.048675537109 
    0.0020861678   0.040008544922 
    0.0021088435   0.029815673828 
    0.0021315193   0.018005371094 
     0.002154195  0.0047302246094 
    0.0021768707  -0.0095825195312 
    0.0021995465  -0.024383544922 
    0.0022222222  -0.039947509766 
     0.002244898  -0.055328369141 
    0.0022675737  -0.070465087891 
    0.0022902494  -0.085021972656 
    0.0023129252  -0.098571777344 
    0.0023356009   -0.11077880859 
    0.0023582766   -0.12115478516 
    0.0023809524   -0.12957763672 
    0.0024036281   -0.13610839844 
    0.0024263039   -0.14083862305 
    0.0024489796    -0.1438293457 
    0.0024716553   -0.14514160156 
    0.0024943311   -0.14486694336 
    0.0025170068   -0.14340209961 
    0.0025396825   -0.14108276367 
    0.0025623583   -0.13793945312 
     0.002585034   -0.13421630859 
    0.0026077098   -0.13021850586 
    0.0026303855   -0.12591552734 
    0.0026530612   -0.12203979492 
     0.002675737   -0.11801147461 
    0.0026984127   -0.11444091797 
    0.0027210884   -0.11151123047 
    0.0027437642   -0.10858154297 
    0.0027664399   -0.10638427734 
    0.0027891156   -0.10440063477 
    0.0028117914   -0.10299682617 
    0.0028344671       -0.1015625 
    0.0028571429   -0.10018920898 
    0.0028798186  -0.098968505859 
    0.0029024943  -0.097686767578 
    0.0029251701  -0.096588134766 
    0.0029478458  -0.095428466797 
    0.0029705215  -0.094085693359 
    0.0029931973  -0.092620849609 
     0.003015873  -0.091278076172 
    0.0030385488  -0.089385986328 
    0.0030612245  -0.087524414062 
    0.0030839002  -0.085388183594 
     0.003106576  -0.083160400391 
    0.0031292517  -0.080627441406 
    0.0031519274  -0.078277587891 
    0.0031746032  -0.075592041016 
    0.0031972789  -0.073028564453 
    0.0032199546  -0.070770263672 
    0.0032426304  -0.068786621094 
    0.0032653061  -0.067230224609 
    0.0032879819  -0.066070556641 
    0.0033106576  -0.065155029297 
    0.0033333333  -0.064971923828 
    0.0033560091  -0.065216064453 
    0.0033786848  -0.065643310547 
    0.0034013605  -0.066375732422 
    0.0034240363  -0.067291259766 
     0.003446712  -0.068603515625 
    0.0034693878  -0.069580078125 
    0.0034920635  -0.070709228516 
    0.0035147392  -0.071990966797 
     0.003537415  -0.073272705078 
    0.0035600907  -0.074645996094 
    0.0035827664  -0.076385498047 
    0.0036054422  -0.078277587891 
    0.0036281179  -0.080108642578 
    0.0036507937  -0.081909179688 
    0.0036734694  -0.083374023438 
    0.0036961451  -0.084381103516 
    0.0037188209  -0.085113525391 
    0.0037414966  -0.085571289062 
    0.0037641723  -0.085296630859 
    0.0037868481  -0.084808349609 
    0.0038095238  -0.083679199219 
    0.0038321995  -0.081878662109 
    0.0038548753  -0.079956054688 
     0.003877551  -0.077667236328 
    0.0039002268  -0.074920654297 
    0.0039229025     -0.072265625 
    0.0039455782  -0.069549560547 
     0.003968254  -0.066925048828 
    0.0039909297  -0.063812255859 
    0.0040136054  -0.060729980469 
    0.0040362812  -0.057373046875 
    0.0040589569  -0.053955078125 
    0.0040816327  -0.050415039062 
    0.0041043084  -0.046691894531 
    0.0041269841  -0.043121337891 
    0.0041496599  -0.039642333984 
    0.0041723356  -0.036071777344 
    0.0041950113  -0.032409667969 
    0.0042176871   -0.02880859375 
    0.0042403628  -0.025360107422 
    0.0042630385  -0.021759033203 
    0.0042857143  -0.018524169922 
      0.00430839  -0.015472412109 
    0.0043310658  -0.012390136719 
    0.0043537415  -0.0096130371094 
    0.0043764172  -0.0071105957031 
     0.004399093  -0.0049438476562 
    0.0044217687  -0.0032958984375 
    0.0044444444  -0.0017395019531 
    0.0044671202  -0.00030517578125 
    0.0044897959  0.00088500976562 
    0.0045124717  0.0020141601562 
    0.0045351474   0.002685546875 
    0.0045578231  0.0036010742188 
    0.0045804989  0.0042114257812 
    0.0046031746  0.0052490234375 
    0.0046258503  0.0058898925781 
    0.0046485261  0.0068969726562 
    0.0046712018  0.0076904296875 
    0.0046938776  0.0085144042969 
    0.0047165533  0.0091247558594 
     0.004739229  0.0097351074219 
    0.0047619048   0.010101318359 
    0.0047845805   0.010620117188 
    0.0048072562   0.011016845703 
     0.004829932   0.011413574219 
    0.0048526077   0.011871337891 
    0.0048752834   0.012329101562 
    0.0048979592     0.0126953125 
    0.0049206349   0.013397216797 
    0.0049433107   0.014068603516 
    0.0049659864   0.015197753906 
    0.0049886621   0.016265869141 
    0.0050113379   0.017639160156 
    0.0050340136   0.019226074219 
    0.0050566893   0.021301269531 
    0.0050793651   0.023254394531 
    0.0051020408   0.024810791016 
    0.0051247166   0.027069091797 
    0.0051473923   0.029083251953 
     0.005170068   0.030914306641 
    0.0051927438   0.032623291016 
    0.0052154195   0.034149169922 
    0.0052380952   0.035400390625 
     0.005260771   0.036163330078 
    0.0052834467   0.036651611328 
    0.0053061224   0.036407470703 
    0.0053287982   0.035705566406 
    0.0053514739   0.034637451172 
    0.0053741497   0.033111572266 
    0.0053968254          0.03125 
    0.0054195011   0.028961181641 
    0.0054421769   0.026580810547 
    0.0054648526   0.023864746094 
    0.0054875283   0.020935058594 
    0.0055102041   0.018249511719 
    0.0055328798   0.015106201172 
    0.0055555556   0.011993408203 
    0.0055782313  0.0087280273438 
     0.005600907  0.0049743652344 
    0.0056235828  0.0014953613281 
    0.0056462585  -0.0024108886719 
    0.0056689342  -0.0062255859375 
      0.00569161  -0.010192871094 
    0.0057142857  -0.013977050781 
    0.0057369615  -0.017761230469 
    0.0057596372  -0.021148681641 
    0.0057823129  -0.024322509766 
    0.0058049887  -0.026824951172 
    0.0058276644  -0.029113769531 
    0.0058503401  -0.030731201172 
    0.0058730159  -0.031677246094 
    0.0058956916  -0.031860351562 
    0.0059183673  -0.031433105469 
    0.0059410431    -0.0302734375 
    0.0059637188  -0.028228759766 
    0.0059863946  -0.025451660156 
    0.0060090703  -0.021759033203 
     0.006031746  -0.017608642578 
    0.0060544218  -0.013000488281 
