; Sample Rate 44100
; Channels 1
               0  -0.0023498535156 
   2.2675737e-05  0.0025634765625 
   4.5351474e-05        0.0078125 
   6.8027211e-05   0.012817382812 
   9.0702948e-05    0.01806640625 
   0.00011337868   0.022796630859 
   0.00013605442   0.027496337891 
   0.00015873016   0.031555175781 
    0.0001814059       0.03515625 
   0.00020408163   0.037933349609 
   0.00022675737   0.039855957031 
   0.00024943311   0.041351318359 
   0.00027210884   0.041748046875 
   0.00029478458   0.041320800781 
   0.00031746032   0.040130615234 
   0.00034013605   0.038177490234 
   0.00036281179   0.035583496094 
   0.00038548753   0.032684326172 
   0.00040816327   0.029632568359 
     0.000430839   0.026489257812 
   0.00045351474   0.023315429688 
   0.00047619048   0.020874023438 
   0.00049886621    0.01806640625 
   0.00052154195    0.01611328125 
   0.00054421769   0.014739990234 
   0.00056689342   0.013732910156 
   0.00058956916   0.012939453125 
    0.0006122449   0.012542724609 
   0.00063492063   0.012878417969 
   0.00065759637   0.014221191406 
   0.00068027211   0.016174316406 
   0.00070294785   0.019104003906 
   0.00072562358   0.023864746094 
   0.00074829932   0.029327392578 
   0.00077097506   0.036682128906 
   0.00079365079   0.045135498047 
   0.00081632653   0.055053710938 
   0.00083900227   0.066314697266 
     0.000861678    0.07861328125 
   0.00088435374   0.091735839844 
   0.00090702948    0.10595703125 
   0.00092970522    0.12066650391 
   0.00095238095    0.13586425781 
   0.00097505669    0.15115356445 
   0.00099773243    0.16607666016 
    0.0010204082    0.18081665039 
    0.0010430839    0.19497680664 
    0.0010657596    0.20782470703 
    0.0010884354    0.21917724609 
    0.0011111111    0.22796630859 
    0.0011337868    0.23428344727 
    0.0011564626    0.23754882812 
    0.0011791383     0.2375793457 
    0.0012018141    0.23452758789 
    0.0012244898    0.22839355469 
    0.0012471655    0.21954345703 
    0.0012698413    0.20892333984 
     0.001292517    0.19647216797 
    0.0013151927    0.18322753906 
    0.0013378685    0.16946411133 
    0.0013605442    0.15588378906 
      0.00138322    0.14273071289 
    0.0014058957    0.13046264648 
    0.0014285714    0.11892700195 
    0.0014512472    0.10861206055 
    0.0014739229   0.099822998047 
    0.0014965986   0.091979980469 
    0.0015192744   0.085418701172 
    0.0015419501   0.079986572266 
    0.0015646259   0.075592041016 
    0.0015873016   0.072143554688 
    0.0016099773   0.069580078125 
    0.0016326531   0.067474365234 
    0.0016553288   0.066131591797 
    0.0016780045   0.065399169922 
    0.0017006803   0.065155029297 
     0.001723356     0.0654296875 
    0.0017460317   0.066253662109 
    0.0017687075   0.067352294922 
    0.0017913832   0.068664550781 
     0.001814059   0.069763183594 
    0.0018367347   0.071258544922 
    0.0018594104   0.072113037109 
    0.0018820862   0.072814941406 
    0.0019047619    0.07275390625 
    0.0019274376   0.071990966797 
    0.0019501134   0.070037841797 
    0.0019727891   0.067077636719 
    0.0019954649   0.062622070312 
    0.0020181406   0.056274414062 
    0.0020408163   0.048858642578 
    0.0020634921   0.039672851562 
    0.0020861678   0.028961181641 
    0.0021088435   0.016693115234 
    0.0021315193    0.00341796875 
     0.002154195  -0.011199951172 
    0.0021768707  -0.026641845703 
    0.0021995465  -0.042388916016 
    0.0022222222  -0.057830810547 
     0.002244898  -0.073059082031 
    0.0022675737  -0.087463378906 
    0.0022902494   -0.10061645508 
    0.0023129252   -0.11172485352 
    0.0023356009   -0.12103271484 
    0.0023582766    -0.1286315918 
    0.0023809524   -0.13403320312 
    0.0024036281   -0.13763427734 
    0.0024263039   -0.13970947266 
    0.0024489796   -0.14028930664 
    0.0024716553   -0.13970947266 
    0.0024943311   -0.13815307617 
    0.0025170068   -0.13592529297 
    0.0025396825   -0.13317871094 
    0.0025623583   -0.12945556641 
     0.002585034   -0.12585449219 
    0.0026077098   -0.12176513672 
    0.0026303855   -0.11791992188 
    0.0026530612   -0.11428833008 
     0.002675737   -0.11077880859 
    0.0026984127   -0.10781860352 
    0.0027210884   -0.10504150391 
    0.0027437642   -0.10275268555 
    0.0027664399   -0.10089111328 
    0.0027891156  -0.099456787109 
    0.0028117914  -0.098541259766 
    0.0028344671      -0.09765625 
    0.0028571429  -0.097442626953 
    0.0028798186  -0.097076416016 
    0.0029024943  -0.096618652344 
    0.0029251701  -0.096008300781 
    0.0029478458   -0.09521484375 
    0.0029705215  -0.094482421875 
    0.0029931973  -0.093383789062 
     0.003015873  -0.091918945312 
    0.0030385488  -0.090576171875 
    0.0030612245  -0.088623046875 
    0.0030839002  -0.086456298828 
     0.003106576  -0.084167480469 
    0.0031292517  -0.081787109375 
    0.0031519274  -0.079376220703 
    0.0031746032  -0.077301025391 
    0.0031972789    -0.0751953125 
    0.0032199546  -0.073516845703 
    0.0032426304  -0.072174072266 
    0.0032653061  -0.071136474609 
    0.0032879819  -0.070587158203 
    0.0033106576  -0.070373535156 
    0.0033333333  -0.070404052734 
    0.0033560091  -0.070678710938 
    0.0033786848  -0.071319580078 
    0.0034013605   -0.07177734375 
    0.0034240363  -0.072601318359 
     0.003446712  -0.073089599609 
    0.0034693878  -0.073699951172 
    0.0034920635  -0.074401855469 
    0.0035147392    -0.0751953125 
     0.003537415  -0.076385498047 
    0.0035600907  -0.077697753906 
    0.0035827664  -0.078735351562 
    0.0036054422  -0.080047607422 
    0.0036281179  -0.080993652344 
    0.0036507937  -0.082000732422 
    0.0036734694  -0.082824707031 
    0.0036961451  -0.083099365234 
    0.0037188209    -0.0830078125 
    0.0037414966  -0.082641601562 
    0.0037641723      -0.08203125 
    0.0037868481  -0.080810546875 
    0.0038095238  -0.079284667969 
    0.0038321995  -0.077453613281 
    0.0038548753  -0.075256347656 
     0.003877551  -0.072937011719 
    0.0039002268  -0.070373535156 
    0.0039229025  -0.067932128906 
    0.0039455782  -0.065307617188 
     0.003968254  -0.062316894531 
    0.0039909297  -0.059295654297 
    0.0040136054  -0.055908203125 
    0.0040362812  -0.052581787109 
    0.0040589569  -0.049102783203 
    0.0040816327  -0.045562744141 
    0.0041043084  -0.042449951172 
    0.0041269841  -0.038848876953 
    0.0041496599  -0.035522460938 
    0.0041723356  -0.032470703125 
    0.0041950113  -0.029449462891 
    0.0042176871  -0.026306152344 
    0.0042403628  -0.023284912109 
    0.0042630385  -0.020385742188 
    0.0042857143  -0.017425537109 
      0.00430839  -0.014556884766 
    0.0043310658  -0.011871337891 
    0.0043537415  -0.0091857910156 
    0.0043764172  -0.0067749023438 
     0.004399093  -0.0044860839844 
    0.0044217687  -0.0027160644531 
    0.0044444444  -0.00094604492188 
    0.0044671202  0.00094604492188 
    0.0044897959   0.002197265625 
    0.0045124717  0.0032958984375 
    0.0045351474  0.0045166015625 
    0.0045578231  0.0052490234375 
    0.0045804989  0.0063781738281 
    0.0046031746  0.0070495605469 
    0.0046258503  0.0079345703125 
    0.0046485261  0.0085754394531 
    0.0046712018   0.009033203125 
    0.0046938776  0.0096740722656 
    0.0047165533   0.010314941406 
     0.004739229   0.010833740234 
    0.0047619048   0.011108398438 
    0.0047845805   0.011260986328 
    0.0048072562   0.011505126953 
     0.004829932   0.011627197266 
    0.0048526077   0.011962890625 
    0.0048752834   0.012512207031 
    0.0048979592   0.012969970703 
    0.0049206349   0.014007568359 
    0.0049433107    0.01513671875 
    0.0049659864   0.016632080078 
    0.0049886621   0.018188476562 
    0.0050113379   0.019927978516 
    0.0050340136   0.022338867188 
    0.0050566893   0.024078369141 
    0.0050793651   0.026458740234 
    0.0051020408   0.028625488281 
    0.0051247166   0.030670166016 
    0.0051473923   0.032562255859 
     0.005170068   0.034118652344 
    0.0051927438   0.035797119141 
    0.0052154195   0.036804199219 
    0.0052380952      0.037109375 
     0.005260771   0.037445068359 
    0.0052834467   0.036743164062 
    0.0053061224   0.035888671875 
    0.0053287982   0.034393310547 
    0.0053514739   0.032287597656 
    0.0053741497   0.030029296875 
    0.0053968254   0.027282714844 
    0.0054195011   0.024353027344 
    0.0054421769   0.021423339844 
    0.0054648526   0.018249511719 
    0.0054875283   0.015167236328 
    0.0055102041   0.012176513672 
    0.0055328798  0.0091247558594 
    0.0055555556  0.0058898925781 
    0.0055782313  0.0028076171875 
     0.005600907  -0.00057983398438 
    0.0056235828   -0.00439453125 
    0.0056462585  -0.0079345703125 
    0.0056689342  -0.011688232422 
      0.00569161  -0.015502929688 
    0.0057142857  -0.018768310547 
    0.0057369615  -0.022277832031 
    0.0057596372  -0.024993896484 
    0.0057823129  -0.027313232422 
    0.0058049887     -0.029296875 
    0.0058276644  -0.030151367188 
    0.0058503401  -0.030700683594 
    0.0058730159  -0.030303955078 
    0.0058956916  -0.029968261719 
    0.0059183673  -0.028656005859 
    0.0059410431  -0.026824951172 
    0.0059637188    -0.0244140625 
    0.0059863946  -0.021392822266 
    0.0060090703  -0.017639160156 
     0.006031746  -0.013458251953 
    0.0060544218  -0.0088806152344 
