; Sample Rate 44100
; Channels 1
               0  -0.0036010742188 
   2.2675737e-05  0.0018310546875 
   4.5351474e-05  0.0071716308594 
   6.8027211e-05   0.012725830078 
   9.0702948e-05   0.018035888672 
   0.00011337868   0.022857666016 
   0.00013605442   0.027435302734 
   0.00015873016   0.031463623047 
    0.0001814059   0.035034179688 
   0.00020408163   0.037689208984 
   0.00022675737   0.039825439453 
   0.00024943311   0.041259765625 
   0.00027210884   0.041931152344 
   0.00029478458   0.042053222656 
   0.00031746032   0.041748046875 
   0.00034013605   0.040710449219 
   0.00036281179   0.039123535156 
   0.00038548753   0.037170410156 
   0.00040816327   0.034912109375 
     0.000430839   0.032531738281 
   0.00045351474   0.030059814453 
   0.00047619048   0.027435302734 
   0.00049886621    0.02490234375 
   0.00052154195   0.022552490234 
   0.00054421769   0.020812988281 
   0.00056689342   0.019256591797 
   0.00058956916   0.017913818359 
    0.0006122449   0.017333984375 
   0.00063492063    0.01708984375 
   0.00065759637   0.017669677734 
   0.00068027211   0.019439697266 
   0.00070294785   0.022155761719 
   0.00072562358    0.02587890625 
   0.00074829932    0.03076171875 
   0.00077097506      0.037109375 
   0.00079365079   0.045074462891 
   0.00081632653   0.054168701172 
   0.00083900227   0.065002441406 
     0.000861678   0.076904296875 
   0.00088435374   0.090026855469 
   0.00090702948    0.10412597656 
   0.00092970522    0.11920166016 
   0.00095238095    0.13436889648 
   0.00097505669    0.14971923828 
   0.00099773243     0.1650390625 
    0.0010204082    0.17974853516 
    0.0010430839    0.19384765625 
    0.0010657596    0.20651245117 
    0.0010884354    0.21713256836 
    0.0011111111    0.22570800781 
    0.0011337868    0.23168945312 
    0.0011564626    0.23468017578 
    0.0011791383    0.23471069336 
    0.0012018141    0.23156738281 
    0.0012244898    0.22592163086 
    0.0012471655     0.2174987793 
    0.0012698413    0.20706176758 
     0.001292517    0.19525146484 
    0.0013151927    0.18246459961 
    0.0013378685    0.16888427734 
    0.0013605442    0.15542602539 
      0.00138322    0.14227294922 
    0.0014058957    0.13009643555 
    0.0014285714     0.1184387207 
    0.0014512472    0.10787963867 
    0.0014739229   0.098327636719 
    0.0014965986   0.089874267578 
    0.0015192744   0.082824707031 
    0.0015419501   0.077117919922 
    0.0015646259   0.072601318359 
    0.0015873016   0.069030761719 
    0.0016099773   0.066619873047 
    0.0016326531   0.064819335938 
    0.0016553288   0.063812255859 
    0.0016780045   0.063568115234 
    0.0017006803   0.063751220703 
     0.001723356   0.064544677734 
    0.0017460317   0.065307617188 
    0.0017687075       0.06640625 
    0.0017913832   0.067596435547 
     0.001814059   0.068572998047 
    0.0018367347   0.069610595703 
    0.0018594104   0.070343017578 
    0.0018820862        0.0703125 
    0.0019047619   0.069915771484 
    0.0019274376   0.068969726562 
    0.0019501134   0.066741943359 
    0.0019727891   0.063751220703 
    0.0019954649   0.058959960938 
    0.0020181406   0.053161621094 
    0.0020408163   0.046173095703 
    0.0020634921   0.037567138672 
    0.0020861678   0.027282714844 
    0.0021088435   0.015808105469 
    0.0021315193  0.0027160644531 
     0.002154195  -0.011260986328 
    0.0021768707  -0.026153564453 
    0.0021995465  -0.041198730469 
    0.0022222222  -0.056243896484 
     0.002244898  -0.070953369141 
    0.0022675737  -0.085052490234 
    0.0022902494  -0.097930908203 
    0.0023129252   -0.10913085938 
    0.0023356009   -0.11877441406 
    0.0023582766   -0.12634277344 
    0.0023809524   -0.13238525391 
    0.0024036281   -0.13623046875 
    0.0024263039     -0.138671875 
    0.0024489796    -0.1396484375 
    0.0024716553   -0.13916015625 
    0.0024943311   -0.13803100586 
    0.0025170068   -0.13580322266 
    0.0025396825   -0.13272094727 
    0.0025623583   -0.12930297852 
     0.002585034   -0.12567138672 
    0.0026077098   -0.12167358398 
    0.0026303855    -0.1178894043 
    0.0026530612   -0.11431884766 
     0.002675737   -0.11071777344 
    0.0026984127   -0.10726928711 
    0.0027210884    -0.1044921875 
    0.0027437642   -0.10217285156 
    0.0027664399  -0.099975585938 
    0.0027891156  -0.098480224609 
    0.0028117914  -0.097473144531 
    0.0028344671  -0.096832275391 
    0.0028571429  -0.096221923828 
    0.0028798186  -0.095886230469 
    0.0029024943  -0.095550537109 
    0.0029251701  -0.095031738281 
    0.0029478458  -0.094604492188 
    0.0029705215  -0.094146728516 
    0.0029931973  -0.093475341797 
     0.003015873  -0.092346191406 
    0.0030385488    -0.0908203125 
    0.0030612245  -0.089019775391 
    0.0030839002  -0.087158203125 
     0.003106576  -0.085174560547 
    0.0031292517    -0.0830078125 
    0.0031519274  -0.080780029297 
    0.0031746032  -0.078765869141 
    0.0031972789  -0.076599121094 
    0.0032199546  -0.074829101562 
    0.0032426304  -0.073425292969 
    0.0032653061     -0.072265625 
    0.0032879819  -0.071533203125 
    0.0033106576  -0.071105957031 
    0.0033333333  -0.070983886719 
    0.0033560091  -0.070953369141 
    0.0033786848  -0.071166992188 
    0.0034013605  -0.071594238281 
    0.0034240363  -0.072113037109 
     0.003446712  -0.072662353516 
    0.0034693878  -0.073425292969 
    0.0034920635  -0.074157714844 
    0.0035147392  -0.075469970703 
     0.003537415  -0.076446533203 
    0.0035600907  -0.077667236328 
    0.0035827664  -0.078796386719 
    0.0036054422  -0.079895019531 
    0.0036281179  -0.081024169922 
    0.0036507937  -0.081512451172 
    0.0036734694  -0.081695556641 
    0.0036961451  -0.081726074219 
    0.0037188209  -0.081237792969 
    0.0037414966  -0.080261230469 
    0.0037641723  -0.079162597656 
    0.0037868481  -0.077850341797 
    0.0038095238  -0.076110839844 
    0.0038321995  -0.074462890625 
    0.0038548753  -0.072509765625 
     0.003877551  -0.070281982422 
    0.0039002268  -0.067962646484 
    0.0039229025  -0.065826416016 
    0.0039455782  -0.063507080078 
     0.003968254  -0.060791015625 
    0.0039909297  -0.057769775391 
    0.0040136054  -0.054595947266 
    0.0040362812   -0.05126953125 
    0.0040589569  -0.047668457031 
    0.0040816327   -0.04443359375 
    0.0041043084  -0.041137695312 
    0.0041269841  -0.037963867188 
    0.0041496599  -0.034698486328 
    0.0041723356  -0.031494140625 
    0.0041950113  -0.028167724609 
    0.0042176871  -0.024993896484 
    0.0042403628  -0.021911621094 
    0.0042630385  -0.018615722656 
    0.0042857143  -0.015472412109 
      0.00430839    -0.0126953125 
    0.0043310658  -0.010070800781 
    0.0043537415  -0.007568359375 
    0.0043764172  -0.0058898925781 
     0.004399093  -0.0042114257812 
    0.0044217687  -0.0028991699219 
    0.0044444444     -0.001953125 
    0.0044671202  -0.0011901855469 
    0.0044897959  -0.00064086914062 
    0.0045124717  -9.1552734375e-05 
    0.0045351474  0.00076293945312 
    0.0045578231  0.0016784667969 
    0.0045804989  0.0028686523438 
    0.0046031746       0.00390625 
    0.0046258503  0.0051879882812 
    0.0046485261    0.00634765625 
    0.0046712018  0.0076599121094 
    0.0046938776  0.0086975097656 
    0.0047165533  0.0096435546875 
     0.004739229   0.010101318359 
    0.0047619048   0.010894775391 
    0.0047845805   0.011413574219 
    0.0048072562   0.011932373047 
     0.004829932     0.0126953125 
    0.0048526077   0.013122558594 
    0.0048752834   0.013854980469 
    0.0048979592   0.014495849609 
    0.0049206349   0.015563964844 
    0.0049433107   0.016784667969 
    0.0049659864   0.018005371094 
    0.0049886621   0.019714355469 
    0.0050113379   0.021240234375 
    0.0050340136   0.023132324219 
    0.0050566893   0.024871826172 
    0.0050793651   0.026641845703 
    0.0051020408   0.028564453125 
    0.0051247166   0.030364990234 
    0.0051473923   0.032257080078 
     0.005170068   0.033996582031 
    0.0051927438   0.035400390625 
    0.0052154195   0.036437988281 
    0.0052380952   0.036926269531 
     0.005260771   0.037292480469 
    0.0052834467   0.037017822266 
    0.0053061224   0.035919189453 
    0.0053287982   0.034820556641 
    0.0053514739   0.033020019531 
    0.0053741497   0.030700683594 
    0.0053968254   0.028198242188 
    0.0054195011   0.025543212891 
    0.0054421769   0.022674560547 
    0.0054648526   0.019866943359 
    0.0054875283   0.016693115234 
    0.0055102041      0.013671875 
    0.0055328798   0.010772705078 
    0.0055555556   0.007568359375 
    0.0055782313  0.0042114257812 
     0.005600907  0.00094604492188 
    0.0056235828  -0.0029602050781 
    0.0056462585  -0.0066528320312 
    0.0056689342  -0.010681152344 
      0.00569161  -0.014587402344 
    0.0057142857  -0.018157958984 
    0.0057369615  -0.021728515625 
    0.0057596372  -0.024810791016 
    0.0057823129      -0.02734375 
    0.0058049887  -0.028961181641 
    0.0058276644  -0.030151367188 
    0.0058503401  -0.030517578125 
    0.0058730159  -0.030456542969 
    0.0058956916  -0.029693603516 
    0.0059183673  -0.027984619141 
    0.0059410431  -0.025817871094 
    0.0059637188  -0.023162841797 
    0.0059863946  -0.019866943359 
    0.0060090703   -0.01611328125 
     0.006031746  -0.011779785156 
    0.0060544218  -0.0072631835938 
