; Sample Rate 44100
; Channels 1
               0       -0.0078125 
   2.2675737e-05  -0.0022277832031 
   4.5351474e-05  0.0029907226562 
   6.8027211e-05  0.0086975097656 
   9.0702948e-05   0.014312744141 
   0.00011337868   0.019836425781 
   0.00013605442   0.024688720703 
   0.00015873016   0.029449462891 
    0.0001814059   0.033569335938 
   0.00020408163   0.037231445312 
   0.00022675737   0.040191650391 
   0.00024943311   0.042327880859 
   0.00027210884   0.043914794922 
   0.00029478458   0.044708251953 
   0.00031746032      0.044921875 
   0.00034013605   0.044342041016 
   0.00036281179   0.043151855469 
   0.00038548753   0.041442871094 
   0.00040816327   0.039123535156 
     0.000430839   0.036346435547 
   0.00045351474   0.033264160156 
   0.00047619048   0.030242919922 
   0.00049886621       0.02734375 
   0.00052154195   0.024505615234 
   0.00054421769   0.021789550781 
   0.00056689342   0.019409179688 
   0.00058956916   0.017700195312 
    0.0006122449   0.016479492188 
   0.00063492063   0.015563964844 
   0.00065759637   0.015563964844 
   0.00068027211   0.016510009766 
   0.00070294785   0.018646240234 
   0.00072562358   0.021881103516 
   0.00074829932   0.026184082031 
   0.00077097506   0.031921386719 
   0.00079365079   0.038879394531 
   0.00081632653   0.047332763672 
   0.00083900227   0.056915283203 
     0.000861678   0.067657470703 
   0.00088435374   0.079376220703 
   0.00090702948   0.092376708984 
   0.00092970522    0.10610961914 
   0.00095238095    0.12048339844 
   0.00097505669    0.13537597656 
   0.00099773243    0.15020751953 
    0.0010204082    0.16461181641 
    0.0010430839    0.17864990234 
    0.0010657596    0.19183349609 
    0.0010884354    0.20401000977 
    0.0011111111    0.21426391602 
    0.0011337868    0.22250366211 
    0.0011564626    0.22833251953 
    0.0011791383    0.23162841797 
    0.0012018141    0.23223876953 
    0.0012244898    0.22998046875 
    0.0012471655    0.22497558594 
    0.0012698413    0.21762084961 
     0.001292517    0.20834350586 
    0.0013151927    0.19757080078 
    0.0013378685    0.18563842773 
    0.0013605442    0.17324829102 
      0.00138322    0.16058349609 
    0.0014058957    0.14785766602 
    0.0014285714    0.13568115234 
    0.0014512472    0.12414550781 
    0.0014739229    0.11337280273 
    0.0014965986    0.10357666016 
    0.0015192744   0.094696044922 
    0.0015419501   0.086944580078 
    0.0015646259   0.080505371094 
    0.0015873016   0.075164794922 
    0.0016099773   0.070770263672 
    0.0016326531   0.067352294922 
    0.0016553288   0.064880371094 
    0.0016780045   0.063171386719 
    0.0017006803   0.062194824219 
     0.001723356   0.061859130859 
    0.0017460317   0.061828613281 
    0.0017687075   0.062316894531 
    0.0017913832   0.062957763672 
     0.001814059   0.063629150391 
    0.0018367347   0.064392089844 
    0.0018594104   0.065063476562 
    0.0018820862   0.065338134766 
    0.0019047619   0.065124511719 
    0.0019274376   0.064270019531 
    0.0019501134   0.062835693359 
    0.0019727891   0.060150146484 
    0.0019954649   0.056671142578 
    0.0020181406   0.052276611328 
    0.0020408163   0.046447753906 
    0.0020634921   0.039459228516 
    0.0020861678   0.030914306641 
    0.0021088435   0.021392822266 
    0.0021315193   0.010223388672 
     0.002154195  -0.0018005371094 
    0.0021768707  -0.014831542969 
    0.0021995465  -0.028381347656 
    0.0022222222  -0.042449951172 
     0.002244898  -0.056213378906 
    0.0022675737  -0.069763183594 
    0.0022902494  -0.082885742188 
    0.0023129252  -0.094787597656 
    0.0023356009   -0.10522460938 
    0.0023582766   -0.11416625977 
    0.0023809524      -0.12109375 
    0.0024036281   -0.12677001953 
    0.0024263039   -0.13070678711 
    0.0024489796   -0.13305664062 
    0.0024716553   -0.13424682617 
    0.0024943311   -0.13427734375 
    0.0025170068    -0.1335144043 
    0.0025396825   -0.13208007812 
    0.0025623583   -0.12994384766 
     0.002585034   -0.12759399414 
    0.0026077098   -0.12442016602 
    0.0026303855   -0.12145996094 
    0.0026530612   -0.11825561523 
     0.002675737    -0.1155090332 
    0.0026984127   -0.11254882812 
    0.0027210884    -0.1096496582 
    0.0027437642   -0.10717773438 
    0.0027664399   -0.10513305664 
    0.0027891156    -0.1032409668 
    0.0028117914   -0.10168457031 
    0.0028344671   -0.10052490234 
    0.0028571429  -0.099487304688 
    0.0028798186  -0.098510742188 
    0.0029024943  -0.097686767578 
    0.0029251701  -0.097015380859 
    0.0029478458  -0.095977783203 
    0.0029705215  -0.094970703125 
    0.0029931973  -0.093933105469 
     0.003015873  -0.092742919922 
    0.0030385488  -0.091400146484 
    0.0030612245  -0.089538574219 
    0.0030839002  -0.087524414062 
     0.003106576  -0.085540771484 
    0.0031292517  -0.083190917969 
    0.0031519274  -0.080627441406 
    0.0031746032  -0.078491210938 
    0.0031972789  -0.075958251953 
    0.0032199546  -0.073608398438 
    0.0032426304   -0.07177734375 
    0.0032653061  -0.070220947266 
    0.0032879819  -0.069000244141 
    0.0033106576  -0.068054199219 
    0.0033333333  -0.067474365234 
    0.0033560091    -0.0673828125 
    0.0033786848  -0.067596435547 
    0.0034013605  -0.068115234375 
    0.0034240363  -0.068725585938 
     0.003446712  -0.069610595703 
    0.0034693878  -0.070587158203 
    0.0034920635  -0.071563720703 
    0.0035147392  -0.072937011719 
     0.003537415  -0.074188232422 
    0.0035600907   -0.07568359375 
    0.0035827664  -0.077087402344 
    0.0036054422  -0.078369140625 
    0.0036281179  -0.079742431641 
    0.0036507937  -0.080841064453 
    0.0036734694  -0.081604003906 
    0.0036961451  -0.082183837891 
    0.0037188209  -0.082214355469 
    0.0037414966  -0.081970214844 
    0.0037641723  -0.081481933594 
    0.0037868481  -0.080841064453 
    0.0038095238  -0.079650878906 
    0.0038321995  -0.078430175781 
    0.0038548753  -0.076934814453 
     0.003877551  -0.075469970703 
    0.0039002268  -0.073486328125 
    0.0039229025  -0.071533203125 
    0.0039455782  -0.069580078125 
     0.003968254  -0.067169189453 
    0.0039909297  -0.064880371094 
    0.0040136054  -0.062255859375 
    0.0040362812  -0.059295654297 
    0.0040589569  -0.056182861328 
    0.0040816327  -0.052978515625 
    0.0041043084  -0.049743652344 
    0.0041269841  -0.046234130859 
    0.0041496599  -0.042236328125 
    0.0041723356  -0.038391113281 
    0.0041950113  -0.034362792969 
    0.0042176871  -0.030487060547 
    0.0042403628  -0.026702880859 
    0.0042630385  -0.022857666016 
    0.0042857143  -0.019348144531 
      0.00430839  -0.015991210938 
    0.0043310658  -0.012756347656 
    0.0043537415  -0.0098266601562 
    0.0043764172  -0.0074768066406 
     0.004399093  -0.0052185058594 
    0.0044217687  -0.0035095214844 
    0.0044444444  -0.0017700195312 
    0.0044671202  -0.0003662109375 
    0.0044897959  0.0010070800781 
    0.0045124717  0.0023193359375 
    0.0045351474  0.0034484863281 
    0.0045578231  0.0046081542969 
    0.0045804989      0.005859375 
    0.0046031746  0.0069885253906 
    0.0046258503  0.0076599121094 
    0.0046485261  0.0088806152344 
    0.0046712018  0.0096740722656 
    0.0046938776   0.010101318359 
    0.0047165533   0.010955810547 
     0.004739229   0.011474609375 
    0.0047619048   0.011932373047 
    0.0047845805   0.012298583984 
    0.0048072562   0.012969970703 
     0.004829932   0.013641357422 
    0.0048526077   0.014465332031 
    0.0048752834   0.015106201172 
    0.0048979592   0.016052246094 
    0.0049206349   0.016876220703 
    0.0049433107   0.017761230469 
    0.0049659864   0.018646240234 
    0.0049886621   0.019927978516 
    0.0050113379   0.020935058594 
    0.0050340136   0.022430419922 
    0.0050566893   0.024017333984 
    0.0050793651   0.025726318359 
    0.0051020408   0.027618408203 
    0.0051247166   0.029541015625 
    0.0051473923   0.031188964844 
     0.005170068   0.032745361328 
    0.0051927438   0.034240722656 
    0.0052154195   0.035736083984 
    0.0052380952   0.036865234375 
     0.005260771   0.037506103516 
    0.0052834467   0.037658691406 
    0.0053061224   0.037048339844 
    0.0053287982   0.036102294922 
    0.0053514739   0.034454345703 
    0.0053741497   0.032623291016 
    0.0053968254   0.030242919922 
    0.0054195011   0.027618408203 
    0.0054421769   0.024841308594 
    0.0054648526   0.022094726562 
    0.0054875283   0.019317626953 
    0.0055102041     0.0166015625 
    0.0055328798   0.013549804688 
    0.0055555556   0.010772705078 
    0.0055782313  0.0074768066406 
     0.005600907  0.0043640136719 
    0.0056235828  0.0008544921875 
    0.0056462585  -0.0030517578125 
    0.0056689342  -0.007080078125 
      0.00569161   -0.01123046875 
    0.0057142857  -0.015319824219 
    0.0057369615  -0.019287109375 
    0.0057596372  -0.022491455078 
    0.0057823129  -0.025299072266 
    0.0058049887  -0.027648925781 
    0.0058276644  -0.029235839844 
    0.0058503401  -0.030059814453 
    0.0058730159  -0.030364990234 
    0.0058956916  -0.029815673828 
    0.0059183673  -0.028625488281 
    0.0059410431  -0.026794433594 
    0.0059637188  -0.024139404297 
    0.0059863946  -0.020721435547 
    0.0060090703  -0.017150878906 
     0.006031746    -0.0126953125 
    0.0060544218  -0.0081176757812 
