; Sample Rate 44100
; Channels 1
               0  -0.007568359375 
   2.2675737e-05  -0.0022888183594 
   4.5351474e-05    0.00341796875 
   6.8027211e-05  0.0093688964844 
   9.0702948e-05   0.015228271484 
   0.00011337868   0.020965576172 
   0.00013605442   0.026672363281 
   0.00015873016   0.031616210938 
    0.0001814059   0.036102294922 
   0.00020408163   0.039916992188 
   0.00022675737   0.043060302734 
   0.00024943311   0.045104980469 
   0.00027210884    0.04638671875 
   0.00029478458   0.046691894531 
   0.00031746032   0.046112060547 
   0.00034013605    0.04443359375 
   0.00036281179   0.042388916016 
   0.00038548753    0.03955078125 
   0.00040816327   0.036529541016 
     0.000430839   0.033233642578 
   0.00045351474   0.029968261719 
   0.00047619048   0.026611328125 
   0.00049886621   0.023254394531 
   0.00052154195   0.020080566406 
   0.00054421769   0.017547607422 
   0.00056689342   0.015289306641 
   0.00058956916   0.013092041016 
    0.0006122449       0.01171875 
   0.00063492063   0.010620117188 
   0.00065759637   0.010101318359 
   0.00068027211   0.010437011719 
   0.00070294785    0.01123046875 
   0.00072562358   0.013214111328 
   0.00074829932   0.016540527344 
   0.00077097506   0.021392822266 
   0.00079365079   0.027770996094 
   0.00081632653   0.035766601562 
   0.00083900227   0.045623779297 
     0.000861678      0.056640625 
   0.00088435374     0.0693359375 
   0.00090702948   0.083435058594 
   0.00092970522   0.098480224609 
   0.00095238095    0.11465454102 
   0.00097505669    0.13125610352 
   0.00099773243    0.14807128906 
    0.0010204082    0.16485595703 
    0.0010430839    0.18115234375 
    0.0010657596    0.19668579102 
    0.0010884354    0.21078491211 
    0.0011111111    0.22305297852 
    0.0011337868    0.23291015625 
    0.0011564626    0.24008178711 
    0.0011791383    0.24420166016 
    0.0012018141    0.24462890625 
    0.0012244898    0.24203491211 
    0.0012471655     0.2360534668 
    0.0012698413    0.22741699219 
     0.001292517    0.21664428711 
    0.0013151927    0.20416259766 
    0.0013378685    0.19030761719 
    0.0013605442    0.17596435547 
      0.00138322    0.16159057617 
    0.0014058957    0.14743041992 
    0.0014285714    0.13409423828 
    0.0014512472    0.12170410156 
    0.0014739229    0.11053466797 
    0.0014965986    0.10046386719 
    0.0015192744   0.091949462891 
    0.0015419501   0.084747314453 
    0.0015646259   0.079040527344 
    0.0015873016   0.074401855469 
    0.0016099773   0.070892333984 
    0.0016326531   0.068298339844 
    0.0016553288   0.066772460938 
    0.0016780045   0.066040039062 
    0.0017006803   0.065582275391 
     0.001723356   0.065673828125 
    0.0017460317   0.066284179688 
    0.0017687075   0.067413330078 
    0.0017913832   0.068878173828 
     0.001814059   0.070129394531 
    0.0018367347   0.071624755859 
    0.0018594104   0.072784423828 
    0.0018820862   0.073516845703 
    0.0019047619    0.07373046875 
    0.0019274376   0.073181152344 
    0.0019501134   0.071960449219 
    0.0019727891   0.069427490234 
    0.0019954649    0.06591796875 
    0.0020181406   0.060913085938 
    0.0020408163   0.054351806641 
    0.0020634921   0.046691894531 
    0.0020861678   0.037353515625 
    0.0021088435   0.026733398438 
    0.0021315193   0.014709472656 
     0.002154195  0.0014038085938 
    0.0021768707    -0.0126953125 
    0.0021995465  -0.027893066406 
    0.0022222222  -0.043243408203 
     0.002244898  -0.058624267578 
    0.0022675737  -0.073760986328 
    0.0022902494  -0.088073730469 
    0.0023129252   -0.10125732422 
    0.0023356009   -0.11303710938 
    0.0023582766   -0.12298583984 
    0.0023809524   -0.13119506836 
    0.0024036281   -0.13751220703 
    0.0024263039   -0.14169311523 
    0.0024489796   -0.14392089844 
    0.0024716553   -0.14471435547 
    0.0024943311   -0.14395141602 
    0.0025170068   -0.14218139648 
    0.0025396825   -0.13949584961 
    0.0025623583   -0.13598632812 
     0.002585034   -0.13235473633 
    0.0026077098   -0.12829589844 
    0.0026303855   -0.12411499023 
    0.0026530612   -0.12017822266 
     0.002675737   -0.11627197266 
    0.0026984127   -0.11297607422 
    0.0027210884   -0.10986328125 
    0.0027437642   -0.10720825195 
    0.0027664399   -0.10504150391 
    0.0027891156   -0.10314941406 
    0.0028117914   -0.10153198242 
    0.0028344671   -0.10034179688 
    0.0028571429  -0.099365234375 
    0.0028798186  -0.098388671875 
    0.0029024943  -0.097351074219 
    0.0029251701  -0.096282958984 
    0.0029478458   -0.09521484375 
    0.0029705215  -0.094207763672 
    0.0029931973  -0.093109130859 
     0.003015873  -0.091827392578 
    0.0030385488  -0.090301513672 
    0.0030612245   -0.08837890625 
    0.0030839002  -0.086059570312 
     0.003106576  -0.083770751953 
    0.0031292517  -0.081329345703 
    0.0031519274  -0.078887939453 
    0.0031746032  -0.076202392578 
    0.0031972789  -0.073364257812 
    0.0032199546  -0.070739746094 
    0.0032426304  -0.068420410156 
    0.0032653061  -0.066345214844 
    0.0032879819  -0.064758300781 
    0.0033106576  -0.063629150391 
    0.0033333333  -0.063079833984 
    0.0033560091  -0.062713623047 
    0.0033786848  -0.062896728516 
    0.0034013605  -0.063446044922 
    0.0034240363  -0.064208984375 
     0.003446712  -0.065185546875 
    0.0034693878  -0.066558837891 
    0.0034920635  -0.067993164062 
    0.0035147392  -0.069488525391 
     0.003537415  -0.071228027344 
    0.0035600907  -0.073303222656 
    0.0035827664  -0.075134277344 
    0.0036054422  -0.077026367188 
    0.0036281179  -0.079040527344 
    0.0036507937  -0.080932617188 
    0.0036734694  -0.082397460938 
    0.0036961451  -0.083557128906 
    0.0037188209   -0.08447265625 
    0.0037414966  -0.084930419922 
    0.0037641723  -0.084991455078 
    0.0037868481  -0.084808349609 
    0.0038095238  -0.083953857422 
    0.0038321995  -0.082641601562 
    0.0038548753  -0.080963134766 
     0.003877551  -0.078979492188 
    0.0039002268  -0.076629638672 
    0.0039229025  -0.074035644531 
    0.0039455782  -0.071350097656 
     0.003968254  -0.068511962891 
    0.0039909297  -0.065490722656 
    0.0040136054  -0.062591552734 
    0.0040362812  -0.059356689453 
    0.0040589569  -0.056030273438 
    0.0040816327  -0.052703857422 
    0.0041043084  -0.049468994141 
    0.0041269841  -0.046081542969 
    0.0041496599  -0.042663574219 
    0.0041723356  -0.039001464844 
    0.0041950113  -0.035522460938 
    0.0042176871  -0.031799316406 
    0.0042403628  -0.028015136719 
    0.0042630385    -0.0244140625 
    0.0042857143  -0.020660400391 
      0.00430839  -0.017181396484 
    0.0043310658  -0.013732910156 
    0.0043537415    -0.0107421875 
    0.0043764172  -0.0080871582031 
     0.004399093  -0.0055236816406 
    0.0044217687  -0.0035095214844 
    0.0044444444  -0.0018310546875 
    0.0044671202  -0.0010070800781 
    0.0044897959  9.1552734375e-05 
    0.0045124717  0.0003662109375 
    0.0045351474  0.00076293945312 
    0.0045578231  0.0013732910156 
    0.0045804989  0.0018310546875 
    0.0046031746  0.0025939941406 
    0.0046258503  0.0033874511719 
    0.0046485261  0.0044555664062 
    0.0046712018  0.0052490234375 
    0.0046938776  0.0063781738281 
    0.0047165533  0.0074462890625 
     0.004739229  0.0083618164062 
    0.0047619048  0.0098571777344 
    0.0047845805     0.0107421875 
    0.0048072562   0.011993408203 
     0.004829932   0.012847900391 
    0.0048526077   0.013793945312 
    0.0048752834   0.014739990234 
    0.0048979592   0.015930175781 
    0.0049206349   0.017028808594 
    0.0049433107   0.018432617188 
    0.0049659864   0.020080566406 
    0.0049886621   0.021240234375 
    0.0050113379   0.022735595703 
    0.0050340136   0.023956298828 
    0.0050566893   0.025421142578 
    0.0050793651   0.026763916016 
    0.0051020408   0.028045654297 
    0.0051247166   0.029205322266 
    0.0051473923   0.030364990234 
     0.005170068   0.031677246094 
    0.0051927438   0.032958984375 
    0.0052154195   0.034057617188 
    0.0052380952   0.034790039062 
     0.005260771   0.035247802734 
    0.0052834467   0.035095214844 
    0.0053061224   0.034576416016 
    0.0053287982   0.033599853516 
    0.0053514739   0.032196044922 
    0.0053741497   0.029815673828 
    0.0053968254   0.027618408203 
    0.0054195011   0.025054931641 
    0.0054421769   0.022399902344 
    0.0054648526   0.019378662109 
    0.0054875283   0.016845703125 
    0.0055102041   0.014038085938 
    0.0055328798   0.011413574219 
    0.0055555556  0.0086059570312 
    0.0055782313  0.0058898925781 
     0.005600907  0.0033874511719 
    0.0056235828  0.00067138671875 
    0.0056462585  -0.0023193359375 
    0.0056689342  -0.0054016113281 
      0.00569161  -0.0084838867188 
    0.0057142857  -0.011688232422 
    0.0057369615  -0.014953613281 
    0.0057596372  -0.018035888672 
    0.0057823129  -0.020965576172 
    0.0058049887  -0.023315429688 
    0.0058276644  -0.025421142578 
    0.0058503401  -0.026794433594 
    0.0058730159  -0.027465820312 
    0.0058956916  -0.027465820312 
    0.0059183673  -0.026794433594 
    0.0059410431  -0.025207519531 
    0.0059637188  -0.023101806641 
    0.0059863946  -0.020294189453 
    0.0060090703  -0.016723632812 
     0.006031746  -0.012908935547 
    0.0060544218  -0.0084533691406 
