; Sample Rate 44100
; Channels 1
               0      -0.00390625 
   2.2675737e-05  0.0010375976562 
   4.5351474e-05  0.0059204101562 
   6.8027211e-05   0.010986328125 
   9.0702948e-05   0.015808105469 
   0.00011337868   0.020416259766 
   0.00013605442   0.024780273438 
   0.00015873016   0.028656005859 
    0.0001814059   0.031829833984 
   0.00020408163   0.034698486328 
   0.00022675737   0.036804199219 
   0.00024943311   0.038360595703 
   0.00027210884   0.039276123047 
   0.00029478458    0.03955078125 
   0.00031746032   0.039245605469 
   0.00034013605   0.038757324219 
   0.00036281179   0.037567138672 
   0.00038548753   0.036010742188 
   0.00040816327   0.034057617188 
     0.000430839    0.03173828125 
   0.00045351474   0.029388427734 
   0.00047619048   0.027038574219 
   0.00049886621   0.024597167969 
   0.00052154195   0.022155761719 
   0.00054421769   0.020050048828 
   0.00056689342   0.018005371094 
   0.00058956916   0.016479492188 
    0.0006122449   0.015228271484 
   0.00063492063   0.014221191406 
   0.00065759637   0.013641357422 
   0.00068027211   0.013854980469 
   0.00070294785   0.015075683594 
   0.00072562358   0.017150878906 
   0.00074829932   0.020477294922 
   0.00077097506   0.025115966797 
   0.00079365079   0.031036376953 
   0.00081632653   0.038208007812 
   0.00083900227   0.047058105469 
     0.000861678   0.057067871094 
   0.00088435374   0.068237304688 
   0.00090702948   0.080596923828 
   0.00092970522   0.094024658203 
   0.00095238095    0.10833740234 
   0.00097505669    0.12338256836 
   0.00099773243    0.13876342773 
    0.0010204082    0.15393066406 
    0.0010430839    0.16931152344 
    0.0010657596    0.18408203125 
    0.0010884354    0.19781494141 
    0.0011111111    0.21047973633 
    0.0011337868    0.22100830078 
    0.0011564626     0.2292175293 
    0.0011791383    0.23483276367 
    0.0012018141    0.23764038086 
    0.0012244898    0.23733520508 
    0.0012471655    0.23394775391 
    0.0012698413    0.22787475586 
     0.001292517    0.21942138672 
    0.0013151927    0.20904541016 
    0.0013378685    0.19696044922 
    0.0013605442    0.18420410156 
      0.00138322    0.17071533203 
    0.0014058957    0.15707397461 
    0.0014285714    0.14379882812 
    0.0014512472     0.1311340332 
    0.0014739229    0.11962890625 
    0.0014965986    0.10888671875 
    0.0015192744   0.099456787109 
    0.0015419501   0.091339111328 
    0.0015646259    0.08447265625 
    0.0015873016   0.078674316406 
    0.0016099773   0.074096679688 
    0.0016326531   0.070434570312 
    0.0016553288   0.067840576172 
    0.0016780045   0.065826416016 
    0.0017006803   0.064422607422 
     0.001723356   0.063995361328 
    0.0017460317   0.063903808594 
    0.0017687075   0.064361572266 
    0.0017913832   0.065216064453 
     0.001814059   0.066253662109 
    0.0018367347   0.067504882812 
    0.0018594104   0.068511962891 
    0.0018820862   0.069366455078 
    0.0019047619   0.069946289062 
    0.0019274376   0.070007324219 
    0.0019501134   0.069396972656 
    0.0019727891   0.068023681641 
    0.0019954649   0.065826416016 
    0.0020181406   0.061920166016 
    0.0020408163   0.057037353516 
    0.0020634921   0.050628662109 
    0.0020861678       0.04296875 
    0.0021088435   0.033569335938 
    0.0021315193    0.02294921875 
     0.002154195   0.010864257812 
    0.0021768707  -0.0025939941406 
    0.0021995465  -0.017028808594 
    0.0022222222  -0.031951904297 
     0.002244898  -0.047332763672 
    0.0022675737  -0.062866210938 
    0.0022902494  -0.077789306641 
    0.0023129252  -0.091888427734 
    0.0023356009   -0.10470581055 
    0.0023582766   -0.11599731445 
    0.0023809524   -0.12557983398 
    0.0024036281   -0.13314819336 
    0.0024263039   -0.13882446289 
    0.0024489796   -0.14297485352 
    0.0024716553   -0.14514160156 
    0.0024943311    -0.1457824707 
    0.0025170068   -0.14520263672 
    0.0025396825   -0.14358520508 
    0.0025623583   -0.14123535156 
     0.002585034   -0.13812255859 
    0.0026077098   -0.13455200195 
    0.0026303855   -0.13076782227 
    0.0026530612   -0.12677001953 
     0.002675737   -0.12289428711 
    0.0026984127   -0.11929321289 
    0.0027210884   -0.11596679688 
    0.0027437642   -0.11273193359 
    0.0027664399   -0.10989379883 
    0.0027891156   -0.10711669922 
    0.0028117914    -0.1047668457 
    0.0028344671   -0.10256958008 
    0.0028571429   -0.10067749023 
    0.0028798186  -0.098907470703 
    0.0029024943  -0.097290039062 
    0.0029251701  -0.095581054688 
    0.0029478458  -0.094360351562 
    0.0029705215  -0.093078613281 
    0.0029931973  -0.091827392578 
     0.003015873  -0.090454101562 
    0.0030385488  -0.088958740234 
    0.0030612245  -0.087280273438 
    0.0030839002  -0.085388183594 
     0.003106576  -0.083068847656 
    0.0031292517  -0.080932617188 
    0.0031519274  -0.078430175781 
    0.0031746032  -0.075897216797 
    0.0031972789  -0.073608398438 
    0.0032199546  -0.071411132812 
    0.0032426304  -0.069274902344 
    0.0032653061  -0.067474365234 
    0.0032879819  -0.066192626953 
    0.0033106576  -0.065155029297 
    0.0033333333  -0.064392089844 
    0.0033560091  -0.063995361328 
    0.0033786848  -0.063934326172 
    0.0034013605  -0.064086914062 
    0.0034240363  -0.064361572266 
     0.003446712   -0.06494140625 
    0.0034693878  -0.065826416016 
    0.0034920635  -0.066711425781 
    0.0035147392  -0.067840576172 
     0.003537415  -0.068969726562 
    0.0035600907  -0.070739746094 
    0.0035827664  -0.072204589844 
    0.0036054422  -0.073760986328 
    0.0036281179  -0.075622558594 
    0.0036507937  -0.077423095703 
    0.0036734694  -0.078643798828 
    0.0036961451  -0.079681396484 
    0.0037188209  -0.080352783203 
    0.0037414966  -0.080718994141 
    0.0037641723  -0.080535888672 
    0.0037868481  -0.079956054688 
    0.0038095238  -0.079406738281 
    0.0038321995  -0.078338623047 
    0.0038548753  -0.076965332031 
     0.003877551  -0.075378417969 
    0.0039002268  -0.073699951172 
    0.0039229025  -0.071899414062 
    0.0039455782  -0.069854736328 
     0.003968254  -0.067840576172 
    0.0039909297  -0.065826416016 
    0.0040136054  -0.063446044922 
    0.0040362812  -0.060882568359 
    0.0040589569  -0.058166503906 
    0.0040816327  -0.055267333984 
    0.0041043084  -0.051910400391 
    0.0041269841  -0.048583984375 
    0.0041496599  -0.045166015625 
    0.0041723356  -0.041564941406 
    0.0041950113  -0.038024902344 
    0.0042176871    -0.0341796875 
    0.0042403628  -0.030364990234 
    0.0042630385  -0.026947021484 
    0.0042857143  -0.023345947266 
      0.00430839  -0.020111083984 
    0.0043310658  -0.016662597656 
    0.0043537415  -0.013580322266 
    0.0043764172  -0.010803222656 
     0.004399093  -0.0082702636719 
    0.0044217687  -0.0057983398438 
    0.0044444444  -0.0039367675781 
    0.0044671202  -0.0023803710938 
    0.0044897959  -0.0008544921875 
    0.0045124717   0.000244140625 
    0.0045351474  0.0012817382812 
    0.0045578231   0.002197265625 
    0.0045804989  0.0030517578125 
    0.0046031746  0.0041809082031 
    0.0046258503     0.0048828125 
    0.0046485261  0.0060119628906 
    0.0046712018  0.0069274902344 
    0.0046938776   0.008056640625 
    0.0047165533   0.009033203125 
     0.004739229   0.010131835938 
    0.0047619048   0.010803222656 
    0.0047845805   0.011566162109 
    0.0048072562   0.012329101562 
     0.004829932   0.012756347656 
    0.0048526077    0.01318359375 
    0.0048752834   0.013641357422 
    0.0048979592   0.013916015625 
    0.0049206349   0.014434814453 
    0.0049433107   0.014953613281 
    0.0049659864   0.015899658203 
    0.0049886621   0.016754150391 
    0.0050113379   0.017822265625 
    0.0050340136   0.018890380859 
    0.0050566893   0.020599365234 
    0.0050793651   0.022491455078 
    0.0051020408   0.024597167969 
    0.0051247166   0.026611328125 
    0.0051473923   0.028594970703 
     0.005170068   0.030395507812 
    0.0051927438   0.032135009766 
    0.0052154195   0.033416748047 
    0.0052380952   0.034576416016 
     0.005260771   0.035461425781 
    0.0052834467   0.035949707031 
    0.0053061224   0.035858154297 
    0.0053287982   0.035278320312 
    0.0053514739   0.034515380859 
    0.0053741497   0.033264160156 
    0.0053968254    0.03173828125 
    0.0054195011   0.029846191406 
    0.0054421769   0.027679443359 
    0.0054648526   0.025207519531 
    0.0054875283   0.022644042969 
    0.0055102041   0.019592285156 
    0.0055328798   0.016754150391 
    0.0055555556   0.013488769531 
    0.0055782313   0.010375976562 
     0.005600907  0.0068664550781 
    0.0056235828  0.0030212402344 
    0.0056462585  -0.00064086914062 
    0.0056689342  -0.0046081542969 
      0.00569161  -0.0083312988281 
    0.0057142857  -0.011840820312 
    0.0057369615   -0.01513671875 
    0.0057596372  -0.018463134766 
    0.0057823129  -0.021209716797 
    0.0058049887  -0.023529052734 
    0.0058276644  -0.025268554688 
    0.0058503401  -0.026489257812 
    0.0058730159  -0.027038574219 
    0.0058956916  -0.027130126953 
    0.0059183673  -0.026794433594 
    0.0059410431  -0.025848388672 
    0.0059637188  -0.023956298828 
    0.0059863946  -0.021545410156 
    0.0060090703    -0.0185546875 
     0.006031746  -0.015319824219 
    0.0060544218  -0.011383056641 
    0.0060770975  -0.0071105957031 
