; Sample Rate 44100
; Channels 1
               0  -0.00064086914062 
   2.2675737e-05  0.0049438476562 
   4.5351474e-05   0.010498046875 
   6.8027211e-05   0.015747070312 
   9.0702948e-05   0.020843505859 
   0.00011337868   0.025482177734 
   0.00013605442   0.029754638672 
   0.00015873016   0.033325195312 
    0.0001814059   0.036529541016 
   0.00020408163   0.039031982422 
   0.00022675737   0.040802001953 
   0.00024943311   0.041595458984 
   0.00027210884   0.041900634766 
   0.00029478458   0.041656494141 
   0.00031746032   0.040771484375 
   0.00034013605   0.039337158203 
   0.00036281179   0.037353515625 
   0.00038548753   0.034851074219 
   0.00040816327   0.032501220703 
     0.000430839   0.029907226562 
   0.00045351474   0.027130126953 
   0.00047619048   0.024810791016 
   0.00049886621   0.022491455078 
   0.00052154195   0.020568847656 
   0.00054421769   0.018890380859 
   0.00056689342   0.017669677734 
   0.00058956916   0.016815185547 
    0.0006122449   0.016662597656 
   0.00063492063   0.017272949219 
   0.00065759637   0.018341064453 
   0.00068027211   0.020202636719 
   0.00070294785   0.023284912109 
   0.00072562358   0.027191162109 
   0.00074829932   0.032073974609 
   0.00077097506   0.038024902344 
   0.00079365079   0.045166015625 
   0.00081632653   0.053466796875 
   0.00083900227   0.063110351562 
     0.000861678   0.073638916016 
   0.00088435374   0.085388183594 
   0.00090702948   0.098266601562 
   0.00092970522    0.11187744141 
   0.00095238095    0.12588500977 
   0.00097505669    0.14031982422 
   0.00099773243    0.15444946289 
    0.0010204082    0.16827392578 
    0.0010430839    0.18154907227 
    0.0010657596    0.19384765625 
    0.0010884354    0.20474243164 
    0.0011111111    0.21401977539 
    0.0011337868      0.220703125 
    0.0011564626    0.22534179688 
    0.0011791383    0.22744750977 
    0.0012018141    0.22668457031 
    0.0012244898    0.22354125977 
    0.0012471655    0.21807861328 
    0.0012698413    0.21047973633 
     0.001292517      0.201171875 
    0.0013151927    0.19049072266 
    0.0013378685    0.17922973633 
    0.0013605442    0.16732788086 
      0.00138322    0.15515136719 
    0.0014058957    0.14349365234 
    0.0014285714    0.13235473633 
    0.0014512472    0.12200927734 
    0.0014739229    0.11218261719 
    0.0014965986    0.10354614258 
    0.0015192744   0.095886230469 
    0.0015419501   0.089019775391 
    0.0015646259   0.083221435547 
    0.0015873016   0.078338623047 
    0.0016099773   0.074188232422 
    0.0016326531    0.07080078125 
    0.0016553288   0.068267822266 
    0.0016780045   0.066131591797 
    0.0017006803   0.064697265625 
     0.001723356   0.063690185547 
    0.0017460317   0.062957763672 
    0.0017687075   0.063018798828 
    0.0017913832   0.062927246094 
     0.001814059   0.062866210938 
    0.0018367347    0.06298828125 
    0.0018594104   0.063079833984 
    0.0018820862   0.063049316406 
    0.0019047619   0.062133789062 
    0.0019274376   0.060852050781 
    0.0019501134   0.058959960938 
    0.0019727891   0.056030273438 
    0.0019954649   0.052185058594 
    0.0020181406   0.047180175781 
    0.0020408163   0.040893554688 
    0.0020634921   0.033386230469 
    0.0020861678   0.024719238281 
    0.0021088435   0.014465332031 
    0.0021315193  0.0034790039062 
     0.002154195  -0.0086364746094 
    0.0021768707  -0.021453857422 
    0.0021995465  -0.035095214844 
    0.0022222222  -0.048736572266 
     0.002244898  -0.062377929688 
    0.0022675737  -0.075500488281 
    0.0022902494  -0.088226318359 
    0.0023129252   -0.10009765625 
    0.0023356009   -0.11050415039 
    0.0023582766   -0.11917114258 
    0.0023809524   -0.12677001953 
    0.0024036281   -0.13229370117 
    0.0024263039   -0.13641357422 
    0.0024489796   -0.13909912109 
    0.0024716553   -0.14004516602 
    0.0024943311   -0.14013671875 
    0.0025170068   -0.13888549805 
    0.0025396825   -0.13723754883 
    0.0025623583   -0.13461303711 
     0.002585034   -0.13131713867 
    0.0026077098   -0.12805175781 
    0.0026303855   -0.12481689453 
    0.0026530612    -0.1213684082 
     0.002675737   -0.11782836914 
    0.0026984127   -0.11480712891 
    0.0027210884   -0.11212158203 
    0.0027437642   -0.10968017578 
    0.0027664399     -0.107421875 
    0.0027891156   -0.10540771484 
    0.0028117914    -0.1037902832 
    0.0028344671   -0.10214233398 
    0.0028571429   -0.10092163086 
    0.0028798186  -0.099639892578 
    0.0029024943  -0.098266601562 
    0.0029251701  -0.097015380859 
    0.0029478458  -0.095520019531 
    0.0029705215  -0.094177246094 
    0.0029931973  -0.092559814453 
     0.003015873  -0.090667724609 
    0.0030385488  -0.088714599609 
    0.0030612245  -0.086212158203 
    0.0030839002  -0.083648681641 
     0.003106576    -0.0810546875 
    0.0031292517  -0.078277587891 
    0.0031519274   -0.07568359375 
    0.0031746032  -0.073364257812 
    0.0031972789  -0.071228027344 
    0.0032199546  -0.069091796875 
    0.0032426304  -0.067626953125 
    0.0032653061  -0.066436767578 
    0.0032879819  -0.065673828125 
    0.0033106576  -0.065368652344 
    0.0033333333  -0.065032958984 
    0.0033560091  -0.065002441406 
    0.0033786848  -0.065338134766 
    0.0034013605  -0.066009521484 
    0.0034240363  -0.066589355469 
     0.003446712  -0.067657470703 
    0.0034693878  -0.068725585938 
    0.0034920635  -0.070098876953 
    0.0035147392  -0.071441650391 
     0.003537415    -0.0732421875 
    0.0035600907  -0.075164794922 
    0.0035827664  -0.077026367188 
    0.0036054422  -0.078887939453 
    0.0036281179  -0.080688476562 
    0.0036507937  -0.082153320312 
    0.0036734694  -0.083251953125 
    0.0036961451  -0.084014892578 
    0.0037188209  -0.084167480469 
    0.0037414966  -0.084289550781 
    0.0037641723  -0.083892822266 
    0.0037868481  -0.083099365234 
    0.0038095238  -0.081634521484 
    0.0038321995  -0.080017089844 
    0.0038548753  -0.078094482422 
     0.003877551  -0.075775146484 
    0.0039002268    -0.0732421875 
    0.0039229025  -0.070892333984 
    0.0039455782  -0.068206787109 
     0.003968254  -0.065338134766 
    0.0039909297  -0.062316894531 
    0.0040136054  -0.059326171875 
    0.0040362812  -0.055999755859 
    0.0040589569  -0.052886962891 
    0.0040816327  -0.049774169922 
    0.0041043084   -0.04638671875 
    0.0041269841  -0.043212890625 
    0.0041496599  -0.039794921875 
    0.0041723356  -0.036468505859 
    0.0041950113  -0.032836914062 
    0.0042176871  -0.029357910156 
    0.0042403628  -0.025939941406 
    0.0042630385    -0.0224609375 
    0.0042857143  -0.019256591797 
      0.00430839  -0.015838623047 
    0.0043310658  -0.012634277344 
    0.0043537415  -0.0099182128906 
    0.0043764172  -0.007568359375 
     0.004399093  -0.0052795410156 
    0.0044217687   -0.00341796875 
    0.0044444444  -0.001708984375 
    0.0044671202  -0.00039672851562 
    0.0044897959  0.00067138671875 
    0.0045124717  0.0014953613281 
    0.0045351474  0.0023193359375 
    0.0045578231   0.003173828125 
    0.0045804989  0.0039978027344 
    0.0046031746  0.0048217773438 
    0.0046258503  0.0058288574219 
    0.0046485261  0.0066528320312 
    0.0046712018  0.0075073242188 
    0.0046938776  0.0086364746094 
    0.0047165533  0.0098571777344 
     0.004739229   0.010864257812 
    0.0047619048   0.011840820312 
    0.0047845805   0.012817382812 
    0.0048072562   0.013946533203 
     0.004829932   0.015167236328 
    0.0048526077   0.016021728516 
    0.0048752834   0.017059326172 
    0.0048979592   0.017639160156 
    0.0049206349   0.018463134766 
    0.0049433107   0.019409179688 
    0.0049659864   0.020446777344 
    0.0049886621   0.021575927734 
    0.0050113379    0.02294921875 
    0.0050340136   0.024353027344 
    0.0050566893    0.02587890625 
    0.0050793651   0.027374267578 
    0.0051020408   0.028900146484 
    0.0051247166   0.030426025391 
    0.0051473923   0.031768798828 
     0.005170068   0.033020019531 
    0.0051927438   0.034088134766 
    0.0052154195   0.034912109375 
    0.0052380952   0.035552978516 
     0.005260771   0.035675048828 
    0.0052834467   0.035430908203 
    0.0053061224   0.034790039062 
    0.0053287982    0.03369140625 
    0.0053514739   0.032073974609 
    0.0053741497   0.029998779297 
    0.0053968254   0.027893066406 
    0.0054195011   0.025421142578 
    0.0054421769   0.022674560547 
    0.0054648526   0.019775390625 
    0.0054875283   0.017059326172 
    0.0055102041   0.014007568359 
    0.0055328798   0.010894775391 
    0.0055555556   0.007568359375 
    0.0055782313  0.0044250488281 
     0.005600907  0.0011901855469 
    0.0056235828  -0.0018920898438 
    0.0056462585  -0.0054931640625 
    0.0056689342  -0.0089416503906 
      0.00569161  -0.012237548828 
    0.0057142857  -0.015441894531 
    0.0057369615  -0.018280029297 
    0.0057596372  -0.021148681641 
    0.0057823129  -0.023284912109 
    0.0058049887  -0.025238037109 
    0.0058276644  -0.026672363281 
    0.0058503401  -0.027191162109 
    0.0058730159  -0.027221679688 
    0.0058956916  -0.026733398438 
    0.0059183673  -0.025482177734 
    0.0059410431   -0.02392578125 
    0.0059637188  -0.021453857422 
    0.0059863946  -0.018859863281 
    0.0060090703  -0.015594482422 
     0.006031746  -0.011657714844 
    0.0060544218  -0.0072326660156 
