; Sample Rate 44100
; Channels 1
               0  -0.0027465820312 
   2.2675737e-05  0.0022888183594 
   4.5351474e-05  0.0069580078125 
   6.8027211e-05   0.011688232422 
   9.0702948e-05   0.016540527344 
   0.00011337868   0.020660400391 
   0.00013605442   0.024719238281 
   0.00015873016   0.028503417969 
    0.0001814059   0.031799316406 
   0.00020408163   0.034210205078 
   0.00022675737   0.036102294922 
   0.00024943311   0.037445068359 
   0.00027210884     0.0380859375 
   0.00029478458   0.038024902344 
   0.00031746032   0.037414550781 
   0.00034013605   0.036163330078 
   0.00036281179   0.034545898438 
   0.00038548753   0.032531738281 
   0.00040816327   0.030090332031 
     0.000430839   0.027770996094 
   0.00045351474   0.025115966797 
   0.00047619048   0.022369384766 
   0.00049886621   0.019897460938 
   0.00052154195   0.017883300781 
   0.00054421769   0.016021728516 
   0.00056689342   0.014221191406 
   0.00058956916   0.012908935547 
    0.0006122449   0.012145996094 
   0.00063492063   0.011840820312 
   0.00065759637   0.011901855469 
   0.00068027211   0.012939453125 
   0.00070294785   0.014739990234 
   0.00072562358   0.017517089844 
   0.00074829932   0.021636962891 
   0.00077097506   0.027435302734 
   0.00079365079   0.034484863281 
   0.00081632653   0.043304443359 
   0.00083900227   0.053253173828 
     0.000861678   0.064849853516 
   0.00088435374   0.078033447266 
   0.00090702948   0.092529296875 
   0.00092970522    0.10791015625 
   0.00095238095    0.12399291992 
   0.00097505669    0.14022827148 
   0.00099773243    0.15673828125 
    0.0010204082    0.17282104492 
    0.0010430839    0.18853759766 
    0.0010657596    0.20327758789 
    0.0010884354    0.21655273438 
    0.0011111111     0.2278137207 
    0.0011337868    0.23684692383 
    0.0011564626     0.2428894043 
    0.0011791383     0.2458190918 
    0.0012018141    0.24551391602 
    0.0012244898    0.24209594727 
    0.0012471655    0.23556518555 
    0.0012698413        0.2265625 
     0.001292517    0.21517944336 
    0.0013151927     0.2018737793 
    0.0013378685     0.1877746582 
    0.0013605442    0.17306518555 
      0.00138322    0.15829467773 
    0.0014058957    0.14395141602 
    0.0014285714    0.13031005859 
    0.0014512472     0.1178894043 
    0.0014739229    0.10653686523 
    0.0014965986   0.096557617188 
    0.0015192744   0.087982177734 
    0.0015419501   0.080963134766 
    0.0015646259   0.075225830078 
    0.0015873016   0.070739746094 
    0.0016099773     0.0673828125 
    0.0016326531   0.065246582031 
    0.0016553288   0.063873291016 
    0.0016780045   0.063201904297 
    0.0017006803   0.063079833984 
     0.001723356   0.063629150391 
    0.0017460317   0.064666748047 
    0.0017687075   0.066040039062 
    0.0017913832   0.067474365234 
     0.001814059   0.069091796875 
    0.0018367347   0.070678710938 
    0.0018594104   0.072143554688 
    0.0018820862   0.073211669922 
    0.0019047619   0.073516845703 
    0.0019274376   0.073181152344 
    0.0019501134   0.071960449219 
    0.0019727891   0.069427490234 
    0.0019954649   0.066009521484 
    0.0020181406   0.061218261719 
    0.0020408163   0.054840087891 
    0.0020634921   0.046630859375 
    0.0020861678   0.036956787109 
    0.0021088435   0.025939941406 
    0.0021315193   0.013214111328 
     0.002154195  -0.00067138671875 
    0.0021768707  -0.015686035156 
    0.0021995465  -0.031616210938 
    0.0022222222  -0.048034667969 
     0.002244898  -0.064239501953 
    0.0022675737  -0.080108642578 
    0.0022902494  -0.095306396484 
    0.0023129252   -0.10906982422 
    0.0023356009   -0.12127685547 
    0.0023582766   -0.13128662109 
    0.0023809524   -0.13946533203 
    0.0024036281   -0.14572143555 
    0.0024263039   -0.14959716797 
    0.0024489796   -0.15170288086 
    0.0024716553   -0.15200805664 
    0.0024943311   -0.15075683594 
    0.0025170068   -0.14825439453 
    0.0025396825    -0.1448059082 
    0.0025623583   -0.14059448242 
     0.002585034   -0.13607788086 
    0.0026077098   -0.13128662109 
    0.0026303855    -0.1266784668 
    0.0026530612   -0.12231445312 
     0.002675737   -0.11825561523 
    0.0026984127   -0.11468505859 
    0.0027210884   -0.11169433594 
    0.0027437642   -0.10876464844 
    0.0027664399    -0.1064453125 
    0.0027891156   -0.10433959961 
    0.0028117914   -0.10256958008 
    0.0028344671   -0.10083007812 
    0.0028571429  -0.099212646484 
    0.0028798186  -0.097442626953 
    0.0029024943  -0.095855712891 
    0.0029251701  -0.094146728516 
    0.0029478458  -0.092529296875 
    0.0029705215  -0.091003417969 
    0.0029931973  -0.089447021484 
     0.003015873  -0.087951660156 
    0.0030385488  -0.086303710938 
    0.0030612245  -0.084289550781 
    0.0030839002  -0.082824707031 
     0.003106576  -0.080749511719 
    0.0031292517   -0.07861328125 
    0.0031519274  -0.076507568359 
    0.0031746032  -0.074340820312 
    0.0031972789  -0.071899414062 
    0.0032199546  -0.069580078125 
    0.0032426304  -0.067596435547 
    0.0032653061  -0.065856933594 
    0.0032879819  -0.064422607422 
    0.0033106576  -0.063568115234 
    0.0033333333  -0.062927246094 
    0.0033560091          -0.0625 
    0.0033786848  -0.062866210938 
    0.0034013605  -0.063232421875 
    0.0034240363  -0.063995361328 
     0.003446712  -0.065093994141 
    0.0034693878  -0.066345214844 
    0.0034920635  -0.067993164062 
    0.0035147392   -0.06982421875 
     0.003537415  -0.072021484375 
    0.0035600907  -0.074188232422 
    0.0035827664  -0.076324462891 
    0.0036054422  -0.078674316406 
    0.0036281179  -0.080657958984 
    0.0036507937  -0.082672119141 
    0.0036734694  -0.084197998047 
    0.0036961451  -0.085540771484 
    0.0037188209  -0.086456298828 
    0.0037414966  -0.086578369141 
    0.0037641723  -0.086120605469 
    0.0037868481  -0.085296630859 
    0.0038095238  -0.084106445312 
    0.0038321995  -0.082183837891 
    0.0038548753  -0.080261230469 
     0.003877551  -0.077850341797 
    0.0039002268    -0.0751953125 
    0.0039229025  -0.072570800781 
    0.0039455782  -0.070159912109 
     0.003968254  -0.067657470703 
    0.0039909297  -0.064880371094 
    0.0040136054  -0.061737060547 
    0.0040362812  -0.058532714844 
    0.0040589569  -0.055236816406 
    0.0040816327  -0.051788330078 
    0.0041043084  -0.048187255859 
    0.0041269841  -0.044525146484 
    0.0041496599  -0.040618896484 
    0.0041723356   -0.03662109375 
    0.0041950113  -0.032653808594 
    0.0042176871  -0.028961181641 
    0.0042403628  -0.024963378906 
    0.0042630385  -0.021179199219 
    0.0042857143  -0.017425537109 
      0.00430839  -0.014221191406 
    0.0043310658  -0.010955810547 
    0.0043537415  -0.0078735351562 
    0.0043764172  -0.0053100585938 
     0.004399093  -0.0028991699219 
    0.0044217687  -0.00082397460938 
    0.0044444444  0.00076293945312 
    0.0044671202  0.0018615722656 
    0.0044897959    0.00244140625 
    0.0045124717  0.0030822753906 
    0.0045351474  0.0034484863281 
    0.0045578231  0.0036010742188 
    0.0045804989  0.0038757324219 
    0.0046031746  0.0041198730469 
    0.0046258503  0.0046081542969 
    0.0046485261  0.0049438476562 
    0.0046712018  0.0054016113281 
    0.0046938776  0.0057678222656 
    0.0047165533  0.0062255859375 
     0.004739229  0.0068054199219 
    0.0047619048  0.0075378417969 
    0.0047845805  0.0079650878906 
    0.0048072562  0.0086364746094 
     0.004829932  0.0093078613281 
    0.0048526077   0.010009765625 
    0.0048752834   0.010864257812 
    0.0048979592   0.011627197266 
    0.0049206349   0.012603759766 
    0.0049433107   0.013824462891 
    0.0049659864    0.01513671875 
    0.0049886621   0.016967773438 
    0.0050113379   0.018646240234 
    0.0050340136   0.020599365234 
    0.0050566893   0.022766113281 
    0.0050793651   0.024658203125 
    0.0051020408   0.026641845703 
    0.0051247166   0.028869628906 
    0.0051473923   0.030944824219 
     0.005170068    0.03271484375 
    0.0051927438   0.034515380859 
    0.0052154195   0.035705566406 
    0.0052380952   0.036712646484 
     0.005260771   0.037231445312 
    0.0052834467   0.037231445312 
    0.0053061224   0.036773681641 
    0.0053287982   0.035491943359 
    0.0053514739   0.033843994141 
    0.0053741497   0.032012939453 
    0.0053968254   0.029754638672 
    0.0054195011   0.027160644531 
    0.0054421769   0.024291992188 
    0.0054648526   0.020904541016 
    0.0054875283      0.017578125 
    0.0055102041   0.014007568359 
    0.0055328798   0.010589599609 
    0.0055555556  0.0069580078125 
    0.0055782313  0.0033569335938 
     0.005600907  -0.00070190429688 
    0.0056235828  -0.0042114257812 
    0.0056462585  -0.0079956054688 
    0.0056689342  -0.011566162109 
      0.00569161  -0.015197753906 
    0.0057142857  -0.018463134766 
    0.0057369615  -0.021392822266 
    0.0057596372  -0.024261474609 
    0.0057823129  -0.026489257812 
    0.0058049887    -0.0283203125 
    0.0058276644  -0.029663085938 
    0.0058503401  -0.030609130859 
    0.0058730159  -0.030700683594 
    0.0058956916  -0.029998779297 
    0.0059183673  -0.028564453125 
    0.0059410431  -0.026519775391 
    0.0059637188  -0.023956298828 
    0.0059863946  -0.020263671875 
    0.0060090703  -0.016265869141 
     0.006031746  -0.011596679688 
