; Sample Rate 44100
; Channels 1
               0  -0.0064697265625 
   2.2675737e-05  -0.0014953613281 
   4.5351474e-05  0.0038146972656 
   6.8027211e-05  0.0092468261719 
   9.0702948e-05   0.014587402344 
   0.00011337868   0.019500732422 
   0.00013605442   0.024383544922 
   0.00015873016   0.028747558594 
    0.0001814059   0.032897949219 
   0.00020408163   0.036407470703 
   0.00022675737        0.0390625 
   0.00024943311   0.041076660156 
   0.00027210884   0.042205810547 
   0.00029478458   0.042877197266 
   0.00031746032   0.042785644531 
   0.00034013605   0.041778564453 
   0.00036281179   0.040191650391 
   0.00038548753   0.038360595703 
   0.00040816327   0.035980224609 
     0.000430839   0.033447265625 
   0.00045351474   0.030639648438 
   0.00047619048   0.027893066406 
   0.00049886621   0.025085449219 
   0.00052154195   0.022827148438 
   0.00054421769   0.020568847656 
   0.00056689342   0.018798828125 
   0.00058956916    0.01708984375 
    0.0006122449    0.01611328125 
   0.00063492063   0.015502929688 
   0.00065759637   0.015289306641 
   0.00068027211   0.015930175781 
   0.00070294785   0.017486572266 
   0.00072562358   0.020141601562 
   0.00074829932   0.023742675781 
   0.00077097506   0.028778076172 
   0.00079365079   0.034973144531 
   0.00081632653   0.042877197266 
   0.00083900227   0.052062988281 
     0.000861678   0.062622070312 
   0.00088435374   0.074462890625 
   0.00090702948   0.087677001953 
   0.00092970522    0.10205078125 
   0.00095238095    0.11709594727 
   0.00097505669    0.13244628906 
   0.00099773243    0.14788818359 
    0.0010204082    0.16299438477 
    0.0010430839    0.17721557617 
    0.0010657596    0.19088745117 
    0.0010884354         0.203125 
    0.0011111111    0.21398925781 
    0.0011337868    0.22271728516 
    0.0011564626    0.22891235352 
    0.0011791383    0.23251342773 
    0.0012018141    0.23355102539 
    0.0012244898    0.23141479492 
    0.0012471655    0.22674560547 
    0.0012698413    0.21914672852 
     0.001292517    0.20953369141 
    0.0013151927     0.1982421875 
    0.0013378685    0.18560791016 
    0.0013605442    0.17251586914 
      0.00138322    0.15942382812 
    0.0014058957    0.14639282227 
    0.0014285714    0.13412475586 
    0.0014512472    0.12286376953 
    0.0014739229    0.11282348633 
    0.0014965986    0.10409545898 
    0.0015192744   0.096618652344 
    0.0015419501   0.090301513672 
    0.0015646259   0.085388183594 
    0.0015873016   0.081451416016 
    0.0016099773   0.078155517578 
    0.0016326531   0.076019287109 
    0.0016553288       0.07421875 
    0.0016780045   0.072937011719 
    0.0017006803   0.072235107422 
     0.001723356   0.071960449219 
    0.0017460317   0.071990966797 
    0.0017687075   0.072113037109 
    0.0017913832   0.072509765625 
     0.001814059   0.073059082031 
    0.0018367347   0.073455810547 
    0.0018594104   0.073669433594 
    0.0018820862   0.073669433594 
    0.0019047619   0.073059082031 
    0.0019274376   0.071716308594 
    0.0019501134   0.069702148438 
    0.0019727891   0.066833496094 
    0.0019954649   0.062744140625 
    0.0020181406   0.057434082031 
    0.0020408163   0.050933837891 
    0.0020634921   0.042907714844 
    0.0020861678   0.033905029297 
    0.0021088435   0.023223876953 
    0.0021315193   0.011291503906 
     0.002154195  -0.0017700195312 
    0.0021768707  -0.015808105469 
    0.0021995465  -0.030242919922 
    0.0022222222  -0.045135498047 
     0.002244898   -0.06005859375 
    0.0022675737  -0.074493408203 
    0.0022902494  -0.088073730469 
    0.0023129252   -0.10025024414 
    0.0023356009   -0.11138916016 
    0.0023582766   -0.12057495117 
    0.0023809524   -0.12786865234 
    0.0024036281   -0.13342285156 
    0.0024263039   -0.13723754883 
    0.0024489796   -0.13946533203 
    0.0024716553   -0.14028930664 
    0.0024943311   -0.14001464844 
    0.0025170068    -0.1389465332 
    0.0025396825   -0.13714599609 
    0.0025623583   -0.13452148438 
     0.002585034   -0.13171386719 
    0.0026077098   -0.12869262695 
    0.0026303855   -0.12533569336 
    0.0026530612   -0.12203979492 
     0.002675737   -0.11874389648 
    0.0026984127   -0.11569213867 
    0.0027210884   -0.11291503906 
    0.0027437642    -0.1103515625 
    0.0027664399   -0.10809326172 
    0.0027891156   -0.10610961914 
    0.0028117914   -0.10430908203 
    0.0028344671   -0.10290527344 
    0.0028571429   -0.10162353516 
    0.0028798186    -0.1003112793 
    0.0029024943  -0.099304199219 
    0.0029251701  -0.098236083984 
    0.0029478458  -0.096801757812 
    0.0029705215  -0.095825195312 
    0.0029931973  -0.094421386719 
     0.003015873   -0.09326171875 
    0.0030385488  -0.091613769531 
    0.0030612245  -0.089630126953 
    0.0030839002  -0.087829589844 
     0.003106576  -0.085540771484 
    0.0031292517  -0.083251953125 
    0.0031519274  -0.080474853516 
    0.0031746032  -0.077758789062 
    0.0031972789  -0.074768066406 
    0.0032199546  -0.072021484375 
    0.0032426304  -0.069488525391 
    0.0032653061  -0.067138671875 
    0.0032879819  -0.065185546875 
    0.0033106576  -0.063842773438 
    0.0033333333  -0.062561035156 
    0.0033560091  -0.062194824219 
    0.0033786848  -0.061920166016 
    0.0034013605  -0.062408447266 
    0.0034240363  -0.063140869141 
     0.003446712  -0.064361572266 
    0.0034693878  -0.065704345703 
    0.0034920635    -0.0673828125 
    0.0035147392  -0.069091796875 
     0.003537415  -0.071166992188 
    0.0035600907    -0.0732421875 
    0.0035827664  -0.075469970703 
    0.0036054422  -0.077606201172 
    0.0036281179  -0.079833984375 
    0.0036507937  -0.081848144531 
    0.0036734694  -0.083435058594 
    0.0036961451  -0.084625244141 
    0.0037188209  -0.085693359375 
    0.0037414966  -0.086120605469 
    0.0037641723  -0.086151123047 
    0.0037868481  -0.085693359375 
    0.0038095238  -0.084869384766 
    0.0038321995  -0.083557128906 
    0.0038548753  -0.081909179688 
     0.003877551  -0.079925537109 
    0.0039002268  -0.077392578125 
    0.0039229025  -0.074768066406 
    0.0039455782  -0.071899414062 
     0.003968254   -0.06884765625 
    0.0039909297  -0.065368652344 
    0.0040136054  -0.061676025391 
    0.0040362812  -0.058013916016 
    0.0040589569  -0.054382324219 
    0.0040816327  -0.050262451172 
    0.0041043084  -0.046295166016 
    0.0041269841  -0.042297363281 
    0.0041496599  -0.038330078125 
    0.0041723356   -0.03466796875 
    0.0041950113  -0.031158447266 
    0.0042176871  -0.027954101562 
    0.0042403628  -0.024932861328 
    0.0042630385  -0.022033691406 
    0.0042857143      -0.01953125 
      0.00430839  -0.016967773438 
    0.0043310658  -0.014221191406 
    0.0043537415  -0.011840820312 
    0.0043764172  -0.0095825195312 
     0.004399093  -0.0074768066406 
    0.0044217687  -0.0057678222656 
    0.0044444444  -0.0042419433594 
    0.0044671202  -0.0030517578125 
    0.0044897959  -0.0022277832031 
    0.0045124717  -0.0018310546875 
    0.0045351474  -0.0014038085938 
    0.0045578231  -0.0010681152344 
    0.0045804989  -0.00094604492188 
    0.0046031746  -0.00079345703125 
    0.0046258503  -0.00033569335938 
    0.0046485261  0.00042724609375 
    0.0046712018  0.0012817382812 
    0.0046938776  0.0023803710938 
    0.0047165533  0.0038757324219 
     0.004739229  0.0052185058594 
    0.0047619048  0.0067443847656 
    0.0047845805  0.0082702636719 
    0.0048072562  0.0097351074219 
     0.004829932   0.011352539062 
    0.0048526077   0.012939453125 
    0.0048752834   0.014495849609 
    0.0048979592   0.015777587891 
    0.0049206349   0.016845703125 
    0.0049433107   0.018432617188 
    0.0049659864   0.019958496094 
    0.0049886621      0.021484375 
    0.0050113379   0.023010253906 
    0.0050340136   0.024658203125 
    0.0050566893   0.026336669922 
    0.0050793651   0.028259277344 
    0.0051020408   0.029937744141 
    0.0051247166   0.031585693359 
    0.0051473923   0.032989501953 
     0.005170068   0.034454345703 
    0.0051927438   0.035980224609 
    0.0052154195   0.037048339844 
    0.0052380952   0.038024902344 
     0.005260771   0.038543701172 
    0.0052834467   0.038635253906 
    0.0053061224   0.038421630859 
    0.0053287982   0.037811279297 
    0.0053514739   0.036224365234 
    0.0053741497   0.034515380859 
    0.0053968254   0.032165527344 
    0.0054195011   0.029602050781 
    0.0054421769   0.026550292969 
    0.0054648526   0.023345947266 
    0.0054875283    0.02001953125 
    0.0055102041   0.016326904297 
    0.0055328798     0.0126953125 
    0.0055555556  0.0091857910156 
    0.0055782313  0.0055541992188 
     0.005600907      0.001953125 
    0.0056235828  -0.0016784667969 
    0.0056462585  -0.0052795410156 
    0.0056689342  -0.0088500976562 
      0.00569161  -0.011932373047 
    0.0057142857  -0.015075683594 
    0.0057369615  -0.018249511719 
    0.0057596372  -0.020782470703 
    0.0057823129  -0.023254394531 
    0.0058049887  -0.025054931641 
    0.0058276644  -0.026458740234 
    0.0058503401  -0.027252197266 
    0.0058730159  -0.027801513672 
    0.0058956916  -0.027893066406 
    0.0059183673  -0.027252197266 
    0.0059410431   -0.02587890625 
    0.0059637188  -0.024230957031 
    0.0059863946  -0.022033691406 
    0.0060090703  -0.018951416016 
     0.006031746  -0.015167236328 
    0.0060544218  -0.010833740234 
    0.0060770975  -0.0059814453125 
